#varID         total       dxdbVol      dxdbSurf          dSdb          dndb    dxdbDirect          dVdb      distance       options          dvdb
   171     0.0283741      -0.19171             0      0.220084             0             0             0             0             0             0 
   172    -0.0974204    0.00122291             0    -0.0986433             0             0             0             0             0             0 
   173     -0.987878     -0.421406             0     -0.566472             0             0             0             0             0             0 
   174      0.246009      0.169429             0     0.0765803             0             0             0             0             0             0 
   175     -0.150007     -0.153624             0    0.00361757             0             0             0             0             0             0 
   176     -0.321629     -0.123985             0     -0.197644             0             0             0             0             0             0 
   177    -0.0375889      0.132593             0     -0.170182             0             0             0             0             0             0 
   178     -0.125056    -0.0860577             0    -0.0389978             0             0             0             0             0             0 
   179      0.659895      0.226374             0      0.433521             0             0             0             0             0             0 
   180     -0.542094     -0.314665             0      -0.22743             0             0             0             0             0             0 
   181      0.382294      0.555532             0     -0.173238             0             0             0             0             0             0 
   182       0.15917     -0.427046             0      0.586215             0             0             0             0             0             0 
   183    -0.0708206     0.0132109             0    -0.0840314             0             0             0             0             0             0 
   184      0.418737      0.490488             0    -0.0717506             0             0             0             0             0             0 
   185     -0.132878     -0.351688             0       0.21881             0             0             0             0             0             0 
   192     0.0173042     -0.231152             0      0.248456             0             0             0             0             0             0 
   193     -0.147699     0.0175015             0       -0.1652             0             0             0             0             0             0 
   194     -0.510637      0.130966             0     -0.641603             0             0             0             0             0             0 
   195      0.202927      0.105397             0     0.0975301             0             0             0             0             0             0 
   196     -0.221317     -0.234658             0     0.0133405             0             0             0             0             0             0 
   197     -0.029679      0.221846             0     -0.251525             0             0             0             0             0             0 
   198     0.0338456      0.189219             0     -0.155374             0             0             0             0             0             0 
   199     0.0693924      0.034353             0     0.0350394             0             0             0             0             0             0 
   200      0.444531     0.0463858             0      0.398145             0             0             0             0             0             0 
   201     -0.168645     0.0727442             0      -0.24139             0             0             0             0             0             0 
   202      0.283718       0.38792             0     -0.104202             0             0             0             0             0             0 
   203     0.0411611      -0.58186             0      0.623021             0             0             0             0             0             0 
   204     0.0928175      0.230212             0     -0.137394             0             0             0             0             0             0 
   205      0.243602      0.292966             0    -0.0493646             0             0             0             0             0             0 
   206     -0.213226     -0.570115             0      0.356889             0             0             0             0             0             0 
   213     0.0258121     -0.243404             0      0.269216             0             0             0             0             0             0 
   214    -0.0960145     0.0171731             0     -0.113188             0             0             0             0             0             0 
   215     -0.269789      0.424171             0      -0.69396             0             0             0             0             0             0 
   216     0.0716303    -0.0207609             0     0.0923911             0             0             0             0             0             0 
   217   -0.00479697    0.00892619             0    -0.0137232             0             0             0             0             0             0 
   218      0.111065      0.348199             0     -0.237134             0             0             0             0             0             0 
   219    -0.0571096     0.0732012             0     -0.130311             0             0             0             0             0             0 
   220      0.240908      0.199738             0     0.0411695             0             0             0             0             0             0 
   221      0.344846      0.013611             0      0.331235             0             0             0             0             0             0 
   222     0.0104704      0.269008             0     -0.258538             0             0             0             0             0             0 
   223     0.0792742     0.0287735             0     0.0505007             0             0             0             0             0             0 
   224   -0.00518356     -0.670316             0      0.665133             0             0             0             0             0             0 
   225     0.0729499      0.255764             0     -0.182814             0             0             0             0             0             0 
   226   -0.00841558     -0.120433             0      0.112017             0             0             0             0             0             0 
   227    -0.0759382     -0.551099             0       0.47516             0             0             0             0             0             0 
   234      0.015918     -0.173494             0      0.189412             0             0             0             0             0             0 
   235    -0.0161226     0.0624439             0    -0.0785665             0             0             0             0             0             0 
   236     -0.180719       0.30702             0     -0.487738             0             0             0             0             0             0 
   237     0.0374296    -0.0211063             0     0.0585359             0             0             0             0             0             0 
   238    -0.0386126     0.0404024             0     -0.079015             0             0             0             0             0             0 
   239    -0.0328156      0.117958             0     -0.150774             0             0             0             0             0             0 
   240    0.00314143     0.0645513             0    -0.0614098             0             0             0             0             0             0 
   241    -0.0274818     0.0384001             0    -0.0658818             0             0             0             0             0             0 
   242     0.0546635    -0.0990544             0      0.153718             0             0             0             0             0             0 
   243   -0.00305536       0.17324             0     -0.176296             0             0             0             0             0             0 
   244    0.00157924    -0.0646077             0     0.0661869             0             0             0             0             0             0 
   245    -0.0346605     -0.490682             0      0.456022             0             0             0             0             0             0 
   246    -0.0590431      0.110356             0     -0.169399             0             0             0             0             0             0 
   247    -0.0192565     -0.154287             0      0.135031             0             0             0             0             0             0 
   248     0.0929038     -0.349635             0      0.442538             0             0             0             0             0             0 
   255     0.0141077    -0.0929673             0      0.107075             0             0             0             0             0             0 
   256    -0.0760232     0.0689476             0     -0.144971             0             0             0             0             0             0 
   257     -0.088478      0.189753             0     -0.278231             0             0             0             0             0             0 
   258     0.0543798    0.00869386             0     0.0456859             0             0             0             0             0             0 
   259     -0.286628     -0.149821             0     -0.136807             0             0             0             0             0             0 
   260     -0.105357     0.0121183             0     -0.117476             0             0             0             0             0             0 
   261     0.0942431     0.0915452             0     0.0026979             0             0             0             0             0             0 
   262     -0.366224     -0.218924             0       -0.1473             0             0             0             0             0             0 
   263     -0.063698    -0.0566133             0    -0.0070847             0             0             0             0             0             0 
   264     0.0347078      0.141026             0     -0.106318             0             0             0             0             0             0 
   265     -0.107795     -0.182671             0     0.0748757             0             0             0             0             0             0 
   266     0.0365028     -0.245393             0      0.281895             0             0             0             0             0             0 
   267      -0.17471    -0.0177213             0     -0.156989             0             0             0             0             0             0 
   268      0.172155    -0.0137977             0      0.185952             0             0             0             0             0             0 
   269     0.0924102     -0.320161             0      0.412571             0             0             0             0             0             0 
   318    0.00140496    -0.0306728             0     0.0320778             0             0             0             0             0             0 
   319    -0.0626634    0.00611956             0    -0.0687829             0             0             0             0             0             0 
   320     -0.119793    -0.0363846             0    -0.0834088             0             0             0             0             0             0 
   321     0.0406063      0.029837             0     0.0107693             0             0             0             0             0             0 
   322     -0.107418     -0.119811             0     0.0123933             0             0             0             0             0             0 
   323    -0.0824077     -0.054962             0    -0.0274457             0             0             0             0             0             0 
   324    -0.0285263   -0.00363817             0    -0.0248881             0             0             0             0             0             0 
   325    -0.0371064    -0.0352674             0   -0.00183908             0             0             0             0             0             0 
   326     0.0444991    -0.0192928             0     0.0637919             0             0             0             0             0             0 
   327     -0.196414     -0.126539             0    -0.0698748             0             0             0             0             0             0 
   328      0.232816      0.319121             0    -0.0863047             0             0             0             0             0             0 
   329   0.000698618     -0.179425             0      0.180124             0             0             0             0             0             0 
   330    -0.0211838      0.030089             0    -0.0512728             0             0             0             0             0             0 
   331       0.24014       0.29341             0    -0.0532692             0             0             0             0             0             0 
   332      -0.11859     -0.251316             0      0.132726             0             0             0             0             0             0 
   339    0.00791925    -0.0303357             0     0.0382549             0             0             0             0             0             0 
   340     -0.145071    -0.0217635             0     -0.123307             0             0             0             0             0             0 
   341    -0.0689007     0.0321243             0     -0.101025             0             0             0             0             0             0 
   342     0.0690685     0.0583072             0     0.0107613             0             0             0             0             0             0 
   343     -0.216848     -0.278798             0     0.0619509             0             0             0             0             0             0 
   344    0.00402152      0.030177             0    -0.0261555             0             0             0             0             0             0 
   345    -0.0242291    -0.0027158             0    -0.0215133             0             0             0             0             0             0 
   346     0.0889745    -0.0196292             0      0.108604             0             0             0             0             0             0 
   347     0.0764915     0.0183604             0      0.058131             0             0             0             0             0             0 
   348    -0.0318702     0.0640989             0    -0.0959691             0             0             0             0             0             0 
   349      0.191489       0.24265             0    -0.0511604             0             0             0             0             0             0 
   350     -0.064296     -0.312221             0      0.247925             0             0             0             0             0             0 
   351      0.113215      0.235761             0     -0.122546             0             0             0             0             0             0 
   352      0.150544      0.196099             0    -0.0455551             0             0             0             0             0             0 
   353     -0.192837     -0.509709             0      0.316872             0             0             0             0             0             0 
   360       0.01464     -0.034423             0      0.049063             0             0             0             0             0             0 
   361     -0.112129    -0.0529814             0    -0.0591471             0             0             0             0             0             0 
   362    -0.0390318     0.0883334             0     -0.127365             0             0             0             0             0             0 
   363    -0.0102082    -0.0271035             0     0.0168953             0             0             0             0             0             0 
   364   0.000181472    -0.0741255             0      0.074307             0             0             0             0             0             0 
   365     0.0400413     0.0802952             0    -0.0402539             0             0             0             0             0             0 
   366     -0.118239     -0.105538             0    -0.0127011             0             0             0             0             0             0 
   367        0.3007      0.177147             0      0.123554             0             0             0             0             0             0 
   368     0.0486025     0.0141008             0     0.0345017             0             0             0             0             0             0 
   369     0.0235073      0.127374             0     -0.103867             0             0             0             0             0             0 
   370     0.0772353     0.0199591             0     0.0572762             0             0             0             0             0             0 
   371    -0.0424326     -0.309566             0      0.267134             0             0             0             0             0             0 
   372     0.0633879      0.214332             0     -0.150944             0             0             0             0             0             0 
   373  -0.000404149      -0.12134             0      0.120936             0             0             0             0             0             0 
   374    -0.0381145     -0.429579             0      0.391465             0             0             0             0             0             0 
   381    0.00409398    -0.0346273             0     0.0387213             0             0             0             0             0             0 
   382    -0.0156865    -0.0011306             0    -0.0145559             0             0             0             0             0             0 
   383    -0.0431061     0.0559907             0    -0.0990968             0             0             0             0             0             0 
   384   -0.00637651    -0.0193306             0     0.0129541             0             0             0             0             0             0 
   385      0.010554      0.014469             0   -0.00391502             0             0             0             0             0             0 
   386    -0.0395052   -0.00734787             0    -0.0321573             0             0             0             0             0             0 
   387    -0.0160286    -0.0135919             0   -0.00243668             0             0             0             0             0             0 
   388     0.0248291     0.0329071             0   -0.00807798             0             0             0             0             0             0 
   389    -0.0423237    -0.0483091             0    0.00598546             0             0             0             0             0             0 
   390   0.000676408     0.0658699             0    -0.0651935             0             0             0             0             0             0 
   391   -0.00484355    -0.0432819             0     0.0384383             0             0             0             0             0             0 
   392   -0.00959033     -0.178244             0      0.168654             0             0             0             0             0             0 
   393    -0.0331264     0.0661849             0    -0.0993112             0             0             0             0             0             0 
   394   -0.00376687     -0.100334             0     0.0965675             0             0             0             0             0             0 
   395      0.109491     -0.149873             0      0.259364             0             0             0             0             0             0 
   402    0.00159547      -0.01919             0     0.0207854             0             0             0             0             0             0 
   403    -0.0239328   -0.00192989             0    -0.0220029             0             0             0             0             0             0 
   404    -0.0366764     0.0167576             0     -0.053434             0             0             0             0             0             0 
   405    0.00688145  -0.000327683             0    0.00720914             0             0             0             0             0             0 
   406    -0.0617013    -0.0388102             0    -0.0228911             0             0             0             0             0             0 
   407    -0.0887562    -0.0712961             0    -0.0174601             0             0             0             0             0             0 
   408      0.016064     0.0100274             0    0.00603657             0             0             0             0             0             0 
   409    -0.0722072    -0.0360647             0    -0.0361425             0             0             0             0             0             0 
   410    -0.0957211    -0.0813004             0    -0.0144207             0             0             0             0             0             0 
   411    0.00456798     0.0423688             0    -0.0378009             0             0             0             0             0             0 
   412    -0.0132364    -0.0371901             0     0.0239537             0             0             0             0             0             0 
   413     0.0319796    -0.0682985             0      0.100278             0             0             0             0             0             0 
   414    -0.0504817     0.0253138             0    -0.0757955             0             0             0             0             0             0 
   415     0.0595441    -0.0053188             0     0.0648629             0             0             0             0             0             0 
   416      0.159061    -0.0392723             0      0.198334             0             0             0             0             0             0 
