#varID         total       dxdbVol      dxdbSurf          dSdb          dndb    dxdbDirect          dVdb      distance       options          dvdb
   171    -0.0926064     -0.199327             0      0.106721             0             0             0             0             0             0 
   172     -0.127314     -0.091715             0    -0.0355995             0             0             0             0             0             0 
   173     -0.229272     -0.176324             0    -0.0529479             0             0             0             0             0             0 
   174     -0.186788     -0.192769             0    0.00598133             0             0             0             0             0             0 
   175    -0.0287527   -0.00373274             0      -0.02502             0             0             0             0             0             0 
   176      0.337243      0.340797             0    -0.0035538             0             0             0             0             0             0 
   177     -0.172107     -0.109657             0    -0.0624499             0             0             0             0             0             0 
   178     -0.132192     -0.131732             0  -0.000460033             0             0             0             0             0             0 
   179        0.6358      0.604872             0     0.0309283             0             0             0             0             0             0 
   180      0.087076      0.185566             0    -0.0984905             0             0             0             0             0             0 
   181      0.317709      0.304214             0     0.0134952             0             0             0             0             0             0 
   182     -0.416768     -0.465763             0     0.0489953             0             0             0             0             0             0 
   183    -0.0594272   -0.00506821             0     -0.054359             0             0             0             0             0             0 
   184      0.917428      0.906141             0     0.0112866             0             0             0             0             0             0 
   185    -0.0616667    -0.0890109             0     0.0273442             0             0             0             0             0             0 
   192     -0.223196      -0.35485             0      0.131654             0             0             0             0             0             0 
   193     0.0471853      0.114219             0    -0.0670336             0             0             0             0             0             0 
   194      0.210943      0.276476             0    -0.0655329             0             0             0             0             0             0 
   195     -0.549239     -0.551092             0    0.00185295             0             0             0             0             0             0 
   196       0.24927      0.267707             0    -0.0184364             0             0             0             0             0             0 
   197      0.330721      0.332365             0   -0.00164395             0             0             0             0             0             0 
   198     0.0441903     0.0805224             0    -0.0363322             0             0             0             0             0             0 
   199      0.160064      0.135203             0     0.0248603             0             0             0             0             0             0 
   200     -0.270953     -0.288846             0     0.0178935             0             0             0             0             0             0 
   201       1.24175       1.31766             0    -0.0759071             0             0             0             0             0             0 
   202      0.135579      0.123193             0     0.0123862             0             0             0             0             0             0 
   203      -1.16237      -1.19989             0     0.0375205             0             0             0             0             0             0 
   204      0.863935      0.942212             0    -0.0782778             0             0             0             0             0             0 
   205     0.0971981     0.0840602             0     0.0131379             0             0             0             0             0             0 
   206      0.720825      0.681602             0     0.0392231             0             0             0             0             0             0 
   213     -0.161436     -0.331326             0       0.16989             0             0             0             0             0             0 
   214      0.348749      0.410166             0     -0.061417             0             0             0             0             0             0 
   215       0.57314       0.65774             0    -0.0845999             0             0             0             0             0             0 
   216      -0.15988     -0.133183             0    -0.0266969             0             0             0             0             0             0 
   217     -0.401821     -0.392719             0   -0.00910237             0             0             0             0             0             0 
   218     0.0329648     0.0202884             0     0.0126765             0             0             0             0             0             0 
   219      0.474069      0.543879             0    -0.0698104             0             0             0             0             0             0 
   220     -0.605591     -0.619989             0     0.0143984             0             0             0             0             0             0 
   221     -0.692961     -0.727883             0     0.0349214             0             0             0             0             0             0 
   222       0.64504      0.714052             0    -0.0690123             0             0             0             0             0             0 
   223     0.0491752     0.0404107             0    0.00876454             0             0             0             0             0             0 
   224     -0.686517     -0.720332             0     0.0338146             0             0             0             0             0             0 
   225     -0.194546     -0.104173             0    -0.0903735             0             0             0             0             0             0 
   226      0.608145      0.585978             0     0.0221671             0             0             0             0             0             0 
   227       0.87043      0.825755             0      0.044675             0             0             0             0             0             0 
   234    -0.0470428     -0.178639             0      0.131596             0             0             0             0             0             0 
   235     0.0447556      0.101277             0    -0.0565215             0             0             0             0             0             0 
   236      0.240275      0.305524             0    -0.0652483             0             0             0             0             0             0 
   237     0.0618649     0.0918725             0    -0.0300076             0             0             0             0             0             0 
   238      -0.17315     -0.134211             0    -0.0389391             0             0             0             0             0             0 
   239     -0.199916     -0.214796             0     0.0148795             0             0             0             0             0             0 
   240      0.162593      0.218504             0    -0.0559111             0             0             0             0             0             0 
   241     -0.138702     -0.123595             0    -0.0151062             0             0             0             0             0             0 
   242       -0.2328     -0.261445             0     0.0286452             0             0             0             0             0             0 
   243     -0.147826     -0.113309             0    -0.0345163             0             0             0             0             0             0 
   244    -0.0460408    -0.0681091             0     0.0220683             0             0             0             0             0             0 
   245      0.211098      0.194064             0      0.017034             0             0             0             0             0             0 
   246      -0.79916     -0.699944             0    -0.0992163             0             0             0             0             0             0 
   247      0.736116      0.710851             0     0.0252652             0             0             0             0             0             0 
   248      0.838958      0.790037             0     0.0489211             0             0             0             0             0             0 
   255   -0.00693763     -0.084662             0     0.0777244             0             0             0             0             0             0 
   256       0.11987      0.202582             0    -0.0827113             0             0             0             0             0             0 
   257   -0.00201904     0.0362655             0    -0.0382846             0             0             0             0             0             0 
   258   -0.00140854    0.00423806             0    -0.0056466             0             0             0             0             0             0 
   259      0.203269      0.268384             0    -0.0651155             0             0             0             0             0             0 
   260     0.0129007    0.00978909             0    0.00311156             0             0             0             0             0             0 
   261     0.0780444     0.0857081             0    -0.0076637             0             0             0             0             0             0 
   262     0.0820118      0.123543             0    -0.0415315             0             0             0             0             0             0 
   263      0.352198      0.347601             0    0.00459731             0             0             0             0             0             0 
   264    -0.0579114    -0.0352895             0    -0.0226219             0             0             0             0             0             0 
   265     -0.472753     -0.461268             0    -0.0114851             0             0             0             0             0             0 
   266      0.543682       0.53255             0     0.0111321             0             0             0             0             0             0 
   267     -0.199994    -0.0835664             0     -0.116428             0             0             0             0             0             0 
   268     0.0628654     0.0624928             0   0.000372638             0             0             0             0             0             0 
   269      0.516129      0.458626             0     0.0575033             0             0             0             0             0             0 
   318    -0.0796172    -0.0909813             0     0.0113641             0             0             0             0             0             0 
   319     -0.307808      -0.29688             0    -0.0109283             0             0             0             0             0             0 
   320     0.0483476     0.0539004             0    -0.0055528             0             0             0             0             0             0 
   321    -0.0413583     -0.037054             0   -0.00430426             0             0             0             0             0             0 
   322     -0.436259     -0.454424             0     0.0181651             0             0             0             0             0             0 
   323      0.507733       0.50554             0    0.00219256             0             0             0             0             0             0 
   324    -0.0482392    -0.0370419             0    -0.0111973             0             0             0             0             0             0 
   325    -0.0591627    -0.0772383             0     0.0180756             0             0             0             0             0             0 
   326      0.352898      0.347198             0    0.00570026             0             0             0             0             0             0 
   327     0.0329088     0.0714353             0    -0.0385265             0             0             0             0             0             0 
   328      0.110728     0.0967388             0     0.0139891             0             0             0             0             0             0 
   329      0.290001       0.27059             0     0.0194114             0             0             0             0             0             0 
   330     0.0190181     0.0544634             0    -0.0354453             0             0             0             0             0             0 
   331      0.125273      0.115579             0    0.00969317             0             0             0             0             0             0 
   332      0.786769      0.768814             0     0.0179545             0             0             0             0             0             0 
   339     -0.106894     -0.117575             0     0.0106808             0             0             0             0             0             0 
   340     -0.499541      -0.48644             0     -0.013101             0             0             0             0             0             0 
   341      0.251421      0.256602             0   -0.00518119             0             0             0             0             0             0 
   342     0.0370945     0.0609401             0    -0.0238456             0             0             0             0             0             0 
   343     -0.930275      -1.00927             0     0.0789905             0             0             0             0             0             0 
   344       1.56777       1.55564             0     0.0121308             0             0             0             0             0             0 
   345      0.279211      0.291749             0    -0.0125374             0             0             0             0             0             0 
   346    -0.0894593     -0.166954             0     0.0774945             0             0             0             0             0             0 
   347      0.906636      0.900094             0    0.00654207             0             0             0             0             0             0 
   348      0.933742      0.975558             0     -0.041816             0             0             0             0             0             0 
   349     -0.221665     -0.237176             0     0.0155112             0             0             0             0             0             0 
   350      0.104517     0.0835187             0     0.0209978             0             0             0             0             0             0 
   351       1.01061       1.07853             0    -0.0679199             0             0             0             0             0             0 
   352     -0.930562     -0.942145             0     0.0115828             0             0             0             0             0             0 
   353       2.01272       1.97839             0     0.0343339             0             0             0             0             0             0 
   360   -0.00348419     -0.028761             0     0.0252768             0             0             0             0             0             0 
   361     -0.224879       -0.2246             0  -0.000278712             0             0             0             0             0             0 
   362      0.322816      0.335253             0    -0.0124369             0             0             0             0             0             0 
   363      0.202853      0.220054             0    -0.0172013             0             0             0             0             0             0 
   364      -1.07075      -1.14434             0     0.0735978             0             0             0             0             0             0 
   365       1.18791       1.17915             0    0.00876026             0             0             0             0             0             0 
   366      0.338172      0.353704             0    -0.0155316             0             0             0             0             0             0 
   367     -0.429809      -0.49206             0     0.0622519             0             0             0             0             0             0 
   368      0.749623      0.741605             0    0.00801821             0             0             0             0             0             0 
   369      0.344145      0.381098             0     -0.036953             0             0             0             0             0             0 
   370      0.159536      0.148588             0     0.0109477             0             0             0             0             0             0 
   371   -0.00784312    -0.0261788             0     0.0183357             0             0             0             0             0             0 
   372     -0.648436     -0.575972             0    -0.0724643             0             0             0             0             0             0 
   373      0.648024      0.631444             0     0.0165792             0             0             0             0             0             0 
   374       1.42869        1.3924             0     0.0362832             0             0             0             0             0             0 
   381    0.00762679    -0.0207961             0     0.0284229             0             0             0             0             0             0 
   382    -0.0241228    -0.0137673             0    -0.0103555             0             0             0             0             0             0 
   383     0.0590466     0.0730131             0    -0.0139665             0             0             0             0             0             0 
   384     0.0968915      0.102795             0   -0.00590381             0             0             0             0             0             0 
   385     -0.253863     -0.251684             0   -0.00217899             0             0             0             0             0             0 
   386     0.0974128     0.0943316             0    0.00308114             0             0             0             0             0             0 
   387     0.0787842      0.086378             0    -0.0075938             0             0             0             0             0             0 
   388     -0.167137     -0.161457             0   -0.00568008             0             0             0             0             0             0 
   389      0.104406      0.100226             0    0.00418011             0             0             0             0             0             0 
   390     -0.267876     -0.251287             0    -0.0165893             0             0             0             0             0             0 
   391      0.093542     0.0858912             0    0.00765088             0             0             0             0             0             0 
   392       0.23718      0.228887             0    0.00829336             0             0             0             0             0             0 
   393      -1.33262      -1.26975             0    -0.0628726             0             0             0             0             0             0 
   394       1.05401       1.04076             0     0.0132484             0             0             0             0             0             0 
   395      0.808337      0.777172             0     0.0311646             0             0             0             0             0             0 
   402  -0.000304257    -0.0163846             0     0.0160804             0             0             0             0             0             0 
   403     0.0718852      0.089862             0    -0.0179768             0             0             0             0             0             0 
   404    -0.0105903   -0.00282516             0   -0.00776517             0             0             0             0             0             0 
   405  -0.000433599    0.00291694             0   -0.00335053             0             0             0             0             0             0 
   406      0.119179      0.134795             0    -0.0156157             0             0             0             0             0             0 
   407     0.0257086     0.0238088             0    0.00189981             0             0             0             0             0             0 
   408     0.0217912     0.0203891             0    0.00140213             0             0             0             0             0             0 
   409     0.0277261     0.0411813             0    -0.0134552             0             0             0             0             0             0 
   410      0.178206      0.178488             0  -0.000282252             0             0             0             0             0             0 
   411    -0.0716032    -0.0607362             0    -0.0108671             0             0             0             0             0             0 
   412     -0.279887     -0.279462             0  -0.000425326             0             0             0             0             0             0 
   413      0.144264      0.138808             0    0.00545634             0             0             0             0             0             0 
   414     -0.166358     -0.105406             0    -0.0609513             0             0             0             0             0             0 
   415     0.0259155     0.0274144             0   -0.00149894             0             0             0             0             0             0 
   416      0.193179      0.162988             0     0.0301912             0             0             0             0             0             0 
