#varID         total       dxdbVol      dxdbSurf          dSdb          dndb    dxdbDirect          dVdb      distance       options          dvdb
   171    -0.0892353     -0.195966             0      0.106731             0             0             0             0             0             0 
   172     -0.124769    -0.0891075             0    -0.0356616             0             0             0             0             0             0 
   173     -0.228288     -0.175335             0    -0.0529533             0             0             0             0             0             0 
   174     -0.184788     -0.190643             0    0.00585483             0             0             0             0             0             0 
   175    -0.0219281    0.00308685             0     -0.025015             0             0             0             0             0             0 
   176      0.325692      0.329182             0   -0.00349012             0             0             0             0             0             0 
   177     -0.164629     -0.102529             0       -0.0621             0             0             0             0             0             0 
   178      -0.12668     -0.126503             0  -0.000177271             0             0             0             0             0             0 
   179      0.612309      0.581555             0      0.030754             0             0             0             0             0             0 
   180      0.099816      0.198456             0    -0.0986397             0             0             0             0             0             0 
   181      0.299107      0.285272             0     0.0138352             0             0             0             0             0             0 
   182     -0.408111     -0.457176             0     0.0490659             0             0             0             0             0             0 
   183     -0.054627   1.59767e-05             0    -0.0546429             0             0             0             0             0             0 
   184      0.885429       0.87407             0     0.0113585             0             0             0             0             0             0 
   185    -0.0406092    -0.0680954             0     0.0274862             0             0             0             0             0             0 
   192     -0.216311     -0.348038             0      0.131726             0             0             0             0             0             0 
   193     0.0508814      0.117987             0    -0.0671051             0             0             0             0             0             0 
   194      0.211158      0.276726             0    -0.0655686             0             0             0             0             0             0 
   195     -0.545256     -0.547127             0    0.00187055             0             0             0             0             0             0 
   196      0.258636      0.276877             0    -0.0182406             0             0             0             0             0             0 
   197      0.320436      0.322088             0   -0.00165179             0             0             0             0             0             0 
   198     0.0489688     0.0846264             0    -0.0356576             0             0             0             0             0             0 
   199      0.153134      0.127755             0     0.0253791             0             0             0             0             0             0 
   200     -0.279653     -0.297207             0     0.0175539             0             0             0             0             0             0 
   201       1.23785       1.31412             0    -0.0762691             0             0             0             0             0             0 
   202      0.115083      0.102364             0     0.0127192             0             0             0             0             0             0 
   203      -1.13984      -1.17753             0     0.0376921             0             0             0             0             0             0 
   204      0.848406      0.927316             0    -0.0789098             0             0             0             0             0             0 
   205     0.0752365     0.0620763             0     0.0131602             0             0             0             0             0             0 
   206      0.739026      0.699486             0     0.0395401             0             0             0             0             0             0 
   213     -0.158207     -0.328222             0      0.170015             0             0             0             0             0             0 
   214      0.348995      0.410382             0    -0.0613865             0             0             0             0             0             0 
   215      0.574305      0.658966             0    -0.0846608             0             0             0             0             0             0 
   216     -0.157182      -0.13078             0    -0.0264024             0             0             0             0             0             0 
   217     -0.393617     -0.384648             0   -0.00896941             0             0             0             0             0             0 
   218     0.0340977     0.0215672             0     0.0125305             0             0             0             0             0             0 
   219      0.474893      0.543915             0    -0.0690211             0             0             0             0             0             0 
   220     -0.613664     -0.628169             0     0.0145048             0             0             0             0             0             0 
   221     -0.680023     -0.714547             0     0.0345235             0             0             0             0             0             0 
   222      0.634223      0.703973             0    -0.0697505             0             0             0             0             0             0 
   223       0.04198     0.0333623             0    0.00861772             0             0             0             0             0             0 
   224     -0.663614      -0.69779             0     0.0341757             0             0             0             0             0             0 
   225     -0.202166     -0.110949             0    -0.0912168             0             0             0             0             0             0 
   226      0.594125      0.572108             0     0.0220172             0             0             0             0             0             0 
   227      0.855313      0.810211             0     0.0451013             0             0             0             0             0             0 
   234    -0.0461972     -0.177966             0      0.131769             0             0             0             0             0             0 
   235     0.0431751     0.0996605             0    -0.0564854             0             0             0             0             0             0 
   236      0.247059      0.312393             0    -0.0653337             0             0             0             0             0             0 
   237     0.0607967     0.0905106             0    -0.0297139             0             0             0             0             0             0 
   238     -0.172372     -0.133469             0     -0.038903             0             0             0             0             0             0 
   239       -0.1915     -0.206233             0      0.014733             0             0             0             0             0             0 
   240      0.159715      0.215307             0    -0.0555923             0             0             0             0             0             0 
   241     -0.138366     -0.122987             0    -0.0153793             0             0             0             0             0             0 
   242     -0.224065     -0.252551             0     0.0284854             0             0             0             0             0             0 
   243     -0.150158     -0.114984             0    -0.0351736             0             0             0             0             0             0 
   244    -0.0443704    -0.0660978             0     0.0217274             0             0             0             0             0             0 
   245      0.221577      0.204217             0     0.0173608             0             0             0             0             0             0 
   246     -0.788757     -0.689052             0    -0.0997047             0             0             0             0             0             0 
   247      0.722303      0.697092             0     0.0252106             0             0             0             0             0             0 
   248      0.798601      0.749432             0     0.0491693             0             0             0             0             0             0 
   255   -0.00625817    -0.0841462             0     0.0778881             0             0             0             0             0             0 
   256      0.115448      0.198242             0    -0.0827948             0             0             0             0             0             0 
   257    0.00270114     0.0410668             0    -0.0383657             0             0             0             0             0             0 
   258   -0.00102646    0.00447176             0   -0.00549822             0             0             0             0             0             0 
   259      0.197717      0.262983             0     -0.065266             0             0             0             0             0             0 
   260     0.0155689      0.012531             0    0.00303786             0             0             0             0             0             0 
   261     0.0768238     0.0843994             0   -0.00757557             0             0             0             0             0             0 
   262     0.0807202        0.1226             0    -0.0418795             0             0             0             0             0             0 
   263      0.349425       0.34487             0    0.00455461             0             0             0             0             0             0 
   264    -0.0580814    -0.0351243             0    -0.0229571             0             0             0             0             0             0 
   265     -0.465211     -0.453631             0    -0.0115793             0             0             0             0             0             0 
   266      0.544164      0.532864             0     0.0113002             0             0             0             0             0             0 
   267     -0.197067    -0.0803861             0     -0.116681             0             0             0             0             0             0 
   268     0.0616913     0.0611243             0   0.000567011             0             0             0             0             0             0 
   269      0.489781       0.43215             0     0.0576319             0             0             0             0             0             0 
   318    -0.0764434    -0.0878495             0      0.011406             0             0             0             0             0             0 
   319     -0.301508      -0.29057             0    -0.0109378             0             0             0             0             0             0 
   320     0.0468262     0.0524001             0   -0.00557392             0             0             0             0             0             0 
   321    -0.0425557    -0.0382443             0   -0.00431144             0             0             0             0             0             0 
   322     -0.422083     -0.440309             0     0.0182259             0             0             0             0             0             0 
   323      0.497101      0.494905             0    0.00219599             0             0             0             0             0             0 
   324    -0.0482103     -0.037081             0    -0.0111293             0             0             0             0             0             0 
   325    -0.0533993    -0.0715833             0     0.0181839             0             0             0             0             0             0 
   326       0.34248      0.336814             0    0.00566617             0             0             0             0             0             0 
   327       0.03843     0.0770697             0    -0.0386397             0             0             0             0             0             0 
   328     0.0978963     0.0837978             0     0.0140986             0             0             0             0             0             0 
   329      0.295155      0.275688             0     0.0194671             0             0             0             0             0             0 
   330     0.0200166     0.0556097             0    -0.0355932             0             0             0             0             0             0 
   331      0.107564     0.0978411             0     0.0097225             0             0             0             0             0             0 
   332      0.796864      0.778835             0     0.0180289             0             0             0             0             0             0 
   339     -0.102999     -0.113785             0     0.0107858             0             0             0             0             0             0 
   340     -0.481311     -0.468177             0     -0.013134             0             0             0             0             0             0 
   341      0.246303      0.251537             0   -0.00523395             0             0             0             0             0             0 
   342     0.0285157     0.0523324             0    -0.0238166             0             0             0             0             0             0 
   343      -0.89595     -0.975063             0     0.0791137             0             0             0             0             0             0 
   344       1.53674       1.52462             0     0.0121164             0             0             0             0             0             0 
   345      0.274723      0.287112             0    -0.0123889             0             0             0             0             0             0 
   346    -0.0902863     -0.167955             0      0.077669             0             0             0             0             0             0 
   347      0.883096      0.876629             0      0.006467             0             0             0             0             0             0 
   348      0.925024      0.967122             0    -0.0420981             0             0             0             0             0             0 
   349     -0.234329     -0.249934             0     0.0156054             0             0             0             0             0             0 
   350      0.117793     0.0966563             0     0.0211362             0             0             0             0             0             0 
   351      0.986367        1.0547             0     -0.068332             0             0             0             0             0             0 
   352      -0.93542     -0.946996             0     0.0115758             0             0             0             0             0             0 
   353       2.01863       1.98409             0     0.0345423             0             0             0             0             0             0 
   360    -0.0042937    -0.0296786             0     0.0253849             0             0             0             0             0             0 
   361     -0.206303     -0.205985             0  -0.000317501             0             0             0             0             0             0 
   362      0.315629       0.32812             0    -0.0124907             0             0             0             0             0             0 
   363      0.199395      0.216519             0    -0.0171234             0             0             0             0             0             0 
   364       -1.0452      -1.11876             0     0.0735612             0             0             0             0             0             0 
   365       1.15989       1.15117             0    0.00872191             0             0             0             0             0             0 
   366      0.345937      0.361269             0     -0.015332             0             0             0             0             0             0 
   367     -0.444899     -0.507143             0     0.0622445             0             0             0             0             0             0 
   368      0.735007      0.727089             0    0.00791771             0             0             0             0             0             0 
   369      0.336522      0.373902             0    -0.0373802             0             0             0             0             0             0 
   370        0.1482      0.137333             0     0.0108671             0             0             0             0             0             0 
   371    0.00180414    -0.0167437             0     0.0185479             0             0             0             0             0             0 
   372     -0.663525     -0.590522             0    -0.0730028             0             0             0             0             0             0 
   373      0.639507      0.623013             0     0.0164946             0             0             0             0             0             0 
   374       1.40664       1.37009             0      0.036558             0             0             0             0             0             0 
   381    0.00728175    -0.0211905             0     0.0284722             0             0             0             0             0             0 
   382    -0.0227795    -0.0124235             0     -0.010356             0             0             0             0             0             0 
   383     0.0593878     0.0733787             0    -0.0139909             0             0             0             0             0             0 
   384     0.0962648      0.102104             0   -0.00583971             0             0             0             0             0             0 
   385     -0.251407      -0.24921             0   -0.00219646             0             0             0             0             0             0 
   386     0.0945894       0.09154             0    0.00304931             0             0             0             0             0             0 
   387     0.0792583     0.0867639             0   -0.00750555             0             0             0             0             0             0 
   388     -0.168116     -0.162332             0   -0.00578339             0             0             0             0             0             0 
   389      0.103066     0.0989301             0    0.00413605             0             0             0             0             0             0 
   390     -0.266225     -0.249349             0    -0.0168757             0             0             0             0             0             0 
   391     0.0915786     0.0840574             0    0.00752111             0             0             0             0             0             0 
   392      0.236101      0.227665             0    0.00843671             0             0             0             0             0             0 
   393      -1.31614      -1.25303             0    -0.0631117             0             0             0             0             0             0 
   394       1.03603       1.02281             0     0.0132246             0             0             0             0             0             0 
   395       0.76811      0.736823             0     0.0312873             0             0             0             0             0             0 
   402   -0.00021649    -0.0163295             0      0.016113             0             0             0             0             0             0 
   403     0.0691905     0.0871826             0    -0.0179922             0             0             0             0             0             0 
   404   -0.00977713   -0.00199576             0   -0.00778137             0             0             0             0             0             0 
   405  -0.000317751    0.00301119             0   -0.00332894             0             0             0             0             0             0 
   406      0.115496      0.131151             0     -0.015655             0             0             0             0             0             0 
   407     0.0242453     0.0223561             0    0.00188918             0             0             0             0             0             0 
   408     0.0213513     0.0199271             0    0.00142417             0             0             0             0             0             0 
   409     0.0273622     0.0409076             0    -0.0135455             0             0             0             0             0             0 
   410      0.172967      0.173259             0  -0.000292829             0             0             0             0             0             0 
   411    -0.0712918    -0.0603049             0    -0.0109869             0             0             0             0             0             0 
   412     -0.273203     -0.272771             0  -0.000432502             0             0             0             0             0             0 
   413      0.141165      0.135649             0    0.00551658             0             0             0             0             0             0 
   414     -0.163373     -0.102335             0    -0.0610382             0             0             0             0             0             0 
   415     0.0261699     0.0275752             0   -0.00140535             0             0             0             0             0             0 
   416      0.172985       0.14275             0     0.0302355             0             0             0             0             0             0 
