#varID         total       dxdbVol      dxdbSurf          dSdb          dndb    dxdbDirect          dVdb      distance       options          dvdb
   171    -0.0984983     -0.205232             0      0.106734             0             0             0             0             0             0 
   172     -0.134855    -0.0993928             0    -0.0354625             0             0             0             0             0             0 
   173     -0.227508     -0.174554             0    -0.0529541             0             0             0             0             0             0 
   174     -0.190612     -0.196861             0    0.00624908             0             0             0             0             0             0 
   175    -0.0463152     -0.021297             0    -0.0250182             0             0             0             0             0             0 
   176       0.36623      0.369919             0   -0.00368865             0             0             0             0             0             0 
   177     -0.190614     -0.127431             0    -0.0631826             0             0             0             0             0             0 
   178     -0.144596     -0.143561             0   -0.00103498             0             0             0             0             0             0 
   179      0.691412      0.660119             0     0.0312929             0             0             0             0             0             0 
   180     0.0546502      0.152881             0    -0.0982304             0             0             0             0             0             0 
   181      0.364188      0.351397             0     0.0127914             0             0             0             0             0             0 
   182     -0.439404     -0.488277             0     0.0488733             0             0             0             0             0             0 
   183    -0.0715202    -0.0177278             0    -0.0537924             0             0             0             0             0             0 
   184      0.994244      0.983111             0     0.0111334             0             0             0             0             0             0 
   185     -0.115262     -0.142323             0     0.0270611             0             0             0             0             0             0 
   192     -0.236243     -0.367781             0      0.131538             0             0             0             0             0             0 
   193      0.035965      0.102831             0     -0.066866             0             0             0             0             0             0 
   194      0.210307      0.275783             0    -0.0654755             0             0             0             0             0             0 
   195     -0.556321     -0.558144             0    0.00182347             0             0             0             0             0             0 
   196      0.223974      0.242824             0    -0.0188497             0             0             0             0             0             0 
   197      0.357005      0.358636             0    -0.0016313             0             0             0             0             0             0 
   198     0.0298212      0.067567             0    -0.0377458             0             0             0             0             0             0 
   199      0.177536      0.153775             0     0.0237609             0             0             0             0             0             0 
   200     -0.247791     -0.266395             0     0.0186047             0             0             0             0             0             0 
   201        1.2482       1.32341             0    -0.0752175             0             0             0             0             0             0 
   202      0.186091      0.174409             0     0.0116823             0             0             0             0             0             0 
   203      -1.21769      -1.25489             0     0.0371951             0             0             0             0             0             0 
   204        0.8999      0.976901             0    -0.0770003             0             0             0             0             0             0 
   205      0.148972      0.135892             0     0.0130798             0             0             0             0             0             0 
   206       0.67252      0.633938             0     0.0385823             0             0             0             0             0             0 
   213     -0.167204     -0.336859             0      0.169655             0             0             0             0             0             0 
   214      0.347264      0.408735             0    -0.0614712             0             0             0             0             0             0 
   215      0.567668      0.652153             0     -0.084485             0             0             0             0             0             0 
   216      -0.16469     -0.137404             0    -0.0272861             0             0             0             0             0             0 
   217     -0.420662     -0.411258             0   -0.00940426             0             0             0             0             0             0 
   218     0.0324184     0.0194501             0     0.0129683             0             0             0             0             0             0 
   219      0.470259      0.541719             0    -0.0714607             0             0             0             0             0             0 
   220     -0.585413     -0.599558             0     0.0141453             0             0             0             0             0             0 
   221      -0.71702     -0.752773             0     0.0357531             0             0             0             0             0             0 
   222      0.668956      0.736491             0    -0.0675355             0             0             0             0             0             0 
   223     0.0683444     0.0592872             0    0.00905718             0             0             0             0             0             0 
   224     -0.734221     -0.767314             0     0.0330928             0             0             0             0             0             0 
   225     -0.176055    -0.0874069             0    -0.0886485             0             0             0             0             0             0 
   226      0.636852      0.614385             0     0.0224662             0             0             0             0             0             0 
   227       0.90366      0.859856             0     0.0438032             0             0             0             0             0             0 
   234    -0.0485658     -0.179818             0      0.131253             0             0             0             0             0             0 
   235     0.0479585      0.104559             0    -0.0566003             0             0             0             0             0             0 
   236      0.223786      0.288865             0    -0.0650788             0             0             0             0             0             0 
   237     0.0642591     0.0948561             0     -0.030597             0             0             0             0             0             0 
   238     -0.175927     -0.136911             0    -0.0390158             0             0             0             0             0             0 
   239     -0.217011     -0.232184             0     0.0151735             0             0             0             0             0             0 
   240      0.168402      0.225002             0    -0.0565995             0             0             0             0             0             0 
   241     -0.141844     -0.127282             0    -0.0145623             0             0             0             0             0             0 
   242     -0.249188     -0.278179             0     0.0289903             0             0             0             0             0             0 
   243     -0.143118     -0.109943             0    -0.0331756             0             0             0             0             0             0 
   244    -0.0496392    -0.0723989             0     0.0227597             0             0             0             0             0             0 
   245      0.194106      0.177738             0     0.0163677             0             0             0             0             0             0 
   246     -0.820518     -0.722314             0    -0.0982043             0             0             0             0             0             0 
   247      0.762331      0.736958             0      0.025373             0             0             0             0             0             0 
   248      0.926041      0.877634             0     0.0484067             0             0             0             0             0             0 
   255   -0.00846932    -0.0858698             0     0.0774005             0             0             0             0             0             0 
   256      0.128818      0.211358             0    -0.0825408             0             0             0             0             0             0 
   257    -0.0123462     0.0257776             0    -0.0381239             0             0             0             0             0             0 
   258   -0.00245131    0.00349057             0   -0.00594188             0             0             0             0             0             0 
   259      0.213327      0.278138             0    -0.0648113             0             0             0             0             0             0 
   260    0.00782985    0.00457162             0    0.00325823             0             0             0             0             0             0 
   261      0.080075     0.0879463             0   -0.00787131             0             0             0             0             0             0 
   262     0.0798038      0.120624             0    -0.0408201             0             0             0             0             0             0 
   263      0.357326      0.352627             0    0.00469881             0             0             0             0             0             0 
   264    -0.0552195    -0.0332831             0    -0.0219365             0             0             0             0             0             0 
   265     -0.487142     -0.475867             0    -0.0112751             0             0             0             0             0             0 
   266      0.541826      0.531038             0     0.0107885             0             0             0             0             0             0 
   267      -0.20243    -0.0865291             0     -0.115901             0             0             0             0             0             0 
   268     0.0737759     0.0737883             0  -1.23581e-05             0             0             0             0             0             0 
   269      0.574708      0.517472             0     0.0572365             0             0             0             0             0             0 
   318    -0.0859681    -0.0972549             0     0.0112868             0             0             0             0             0             0 
   319     -0.322831     -0.311927             0     -0.010904             0             0             0             0             0             0 
   320     0.0521789     0.0576926             0   -0.00551374             0             0             0             0             0             0 
   321    -0.0383564    -0.0340727             0   -0.00428366             0             0             0             0             0             0 
   322     -0.468215     -0.486252             0     0.0180369             0             0             0             0             0             0 
   323      0.530882      0.528699             0    0.00218251             0             0             0             0             0             0 
   324    -0.0495023    -0.0381655             0    -0.0113368             0             0             0             0             0             0 
   325    -0.0706285     -0.088475             0     0.0178466             0             0             0             0             0             0 
   326      0.376373      0.370603             0    0.00577006             0             0             0             0             0             0 
   327     0.0186985      0.057005             0    -0.0383065             0             0             0             0             0             0 
   328      0.142628       0.12887             0     0.0137582             0             0             0             0             0             0 
   329      0.276752      0.257448             0     0.0193033             0             0             0             0             0             0 
   330     0.0166281     0.0517771             0    -0.0351491             0             0             0             0             0             0 
   331      0.167723      0.158094             0     0.0096281             0             0             0             0             0             0 
   332       0.76005      0.742244             0     0.0178056             0             0             0             0             0             0 
   339     -0.114566     -0.125044             0      0.010478             0             0             0             0             0             0 
   340     -0.541073     -0.528046             0    -0.0130264             0             0             0             0             0             0 
   341      0.262182      0.267261             0   -0.00507925             0             0             0             0             0             0 
   342     0.0560504     0.0799411             0    -0.0238907             0             0             0             0             0             0 
   343      -1.00641      -1.08512             0     0.0787064             0             0             0             0             0             0 
   344       1.63324       1.62109             0     0.0121533             0             0             0             0             0             0 
   345      0.286507      0.299353             0    -0.0128455             0             0             0             0             0             0 
   346    -0.0859347      -0.16304             0     0.0771055             0             0             0             0             0             0 
   347      0.956331      0.949634             0    0.00669772             0             0             0             0             0             0 
   348      0.952036      0.993292             0     -0.041256             0             0             0             0             0             0 
   349     -0.192429     -0.207733             0     0.0153046             0             0             0             0             0             0 
   350     0.0734342      0.052711             0     0.0207232             0             0             0             0             0             0 
   351       1.06388       1.13097             0    -0.0670929             0             0             0             0             0             0 
   352      -0.91804     -0.929625             0     0.0115849             0             0             0             0             0             0 
   353       1.99555       1.96164             0     0.0339157             0             0             0             0             0             0 
   360   -0.00132912    -0.0263938             0     0.0250647             0             0             0             0             0             0 
   361     -0.265442     -0.265241             0  -0.000200447             0             0             0             0             0             0 
   362      0.337572      0.349903             0    -0.0123313             0             0             0             0             0             0 
   363      0.210719      0.228069             0    -0.0173496             0             0             0             0             0             0 
   364       -1.1262      -1.19984             0     0.0736386             0             0             0             0             0             0 
   365       1.24629       1.23746             0    0.00883319             0             0             0             0             0             0 
   366      0.320507      0.336452             0    -0.0159458             0             0             0             0             0             0 
   367     -0.397014     -0.459261             0      0.062247             0             0             0             0             0             0 
   368      0.780617      0.772391             0    0.00822678             0             0             0             0             0             0 
   369      0.359373      0.395462             0    -0.0360884             0             0             0             0             0             0 
   370      0.184608      0.173512             0      0.011096             0             0             0             0             0             0 
   371    -0.0246984    -0.0426047             0     0.0179063             0             0             0             0             0             0 
   372     -0.617293     -0.545918             0    -0.0713752             0             0             0             0             0             0 
   373      0.664033      0.647313             0     0.0167207             0             0             0             0             0             0 
   374       1.47871       1.44298             0     0.0357275             0             0             0             0             0             0 
   381    0.00846574    -0.0198588             0     0.0283245             0             0             0             0             0             0 
   382    -0.0271196    -0.0167643             0    -0.0103553             0             0             0             0             0             0 
   383      0.058011      0.071929             0    -0.0139179             0             0             0             0             0             0 
   384     0.0983607      0.104392             0   -0.00603172             0             0             0             0             0             0 
   385     -0.259663     -0.257514             0   -0.00214847             0             0             0             0             0             0 
   386      0.103622      0.100478             0    0.00314464             0             0             0             0             0             0 
   387      0.077608     0.0853907             0   -0.00778267             0             0             0             0             0             0 
   388     -0.165935     -0.160461             0   -0.00547433             0             0             0             0             0             0 
   389      0.108037      0.103763             0    0.00427447             0             0             0             0             0             0 
   390     -0.271858     -0.255856             0    -0.0160021             0             0             0             0             0             0 
   391     0.0983811     0.0904719             0    0.00790926             0             0             0             0             0             0 
   392      0.242666      0.234667             0    0.00799946             0             0             0             0             0             0 
   393      -1.36571      -1.30333             0    -0.0623767             0             0             0             0             0             0 
   394       1.08881       1.07553             0     0.0132822             0             0             0             0             0             0 
   395      0.891923      0.861013             0       0.03091             0             0             0             0             0             0 
   402  -0.000486075    -0.0165005             0     0.0160144             0             0             0             0             0             0 
   403     0.0774594     0.0954017             0    -0.0179423             0             0             0             0             0             0 
   404     -0.012311   -0.00457848             0   -0.00773249             0             0             0             0             0             0 
   405  -0.000722767    0.00266991             0   -0.00339267             0             0             0             0             0             0 
   406      0.126242      0.141781             0    -0.0155384             0             0             0             0             0             0 
   407     0.0292888     0.0273682             0    0.00192052             0             0             0             0             0             0 
   408     0.0224224     0.0210705             0    0.00135184             0             0             0             0             0             0 
   409      0.026781      0.040052             0     -0.013271             0             0             0             0             0             0 
   410      0.189099      0.189356             0  -0.000257837             0             0             0             0             0             0 
   411    -0.0715757    -0.0609542             0    -0.0106215             0             0             0             0             0             0 
   412     -0.291707     -0.291306             0  -0.000400853             0             0             0             0             0             0 
   413      0.151117      0.145784             0    0.00533296             0             0             0             0             0             0 
   414     -0.170935     -0.110176             0     -0.060759             0             0             0             0             0             0 
   415     0.0294451     0.0311291             0     -0.001684             0             0             0             0             0             0 
   416      0.236562      0.206469             0     0.0300931             0             0             0             0             0             0 
