#varID         total       dxdbVol      dxdbSurf          dSdb          dndb    dxdbDirect          dVdb      distance       options          dvdb
   171     0.0454045     -0.156561             0      0.201966             0             0             0             0             0             0 
   172    -0.0765736     0.0449444             0     -0.121518             0             0             0             0             0             0 
   173     -0.317918      0.202819             0     -0.520737             0             0             0             0             0             0 
   174      0.102654     0.0583816             0     0.0442724             0             0             0             0             0             0 
   175     -0.126569     -0.121637             0   -0.00493104             0             0             0             0             0             0 
   176      0.271087       0.38571             0     -0.114622             0             0             0             0             0             0 
   177     -0.084508     0.0576637             0     -0.142172             0             0             0             0             0             0 
   178    -0.0883333    -0.0627842             0    -0.0255491             0             0             0             0             0             0 
   179      0.704374       0.34251             0      0.361864             0             0             0             0             0             0 
   180     -0.201937   -0.00115743             0     -0.200779             0             0             0             0             0             0 
   181      0.352459      0.502856             0     -0.150397             0             0             0             0             0             0 
   182     -0.420051     -0.938474             0      0.518423             0             0             0             0             0             0 
   183   -0.00930354     0.0737945             0     -0.083098             0             0             0             0             0             0 
   184        0.3997      0.468824             0    -0.0691239             0             0             0             0             0             0 
   185     -0.546417     -0.763082             0      0.216665             0             0             0             0             0             0 
   192      0.046133      -0.18609             0      0.232223             0             0             0             0             0             0 
   193     -0.178392     0.0415349             0     -0.219927             0             0             0             0             0             0 
   194     -0.232793      0.367892             0     -0.600685             0             0             0             0             0             0 
   195      0.153165     0.0939262             0     0.0592383             0             0             0             0             0             0 
   196     -0.279632     -0.304064             0     0.0244316             0             0             0             0             0             0 
   197      0.303513      0.456382             0     -0.152869             0             0             0             0             0             0 
   198     -0.016948      0.099872             0      -0.11682             0             0             0             0             0             0 
   199       0.08848    -0.0049038             0     0.0933838             0             0             0             0             0             0 
   200      0.489708      0.190359             0      0.299349             0             0             0             0             0             0 
   201     0.0145965      0.217032             0     -0.202435             0             0             0             0             0             0 
   202      0.309063      0.390008             0    -0.0809449             0             0             0             0             0             0 
   203     -0.295798     -0.819363             0      0.523566             0             0             0             0             0             0 
   204      0.135413      0.270226             0     -0.134814             0             0             0             0             0             0 
   205      0.234574      0.284166             0    -0.0495925             0             0             0             0             0             0 
   206       -0.3759     -0.726579             0      0.350679             0             0             0             0             0             0 
   213     0.0527522     -0.205227             0      0.257979             0             0             0             0             0             0 
   214     -0.152613   -0.00563011             0     -0.146983             0             0             0             0             0             0 
   215      -0.20763      0.457786             0     -0.665415             0             0             0             0             0             0 
   216      0.039079    -0.0172693             0     0.0563483             0             0             0             0             0             0 
   217   -0.00569493    -0.0253197             0     0.0196247             0             0             0             0             0             0 
   218      0.243594      0.388004             0      -0.14441             0             0             0             0             0             0 
   219     -0.130789    -0.0281075             0     -0.102682             0             0             0             0             0             0 
   220      0.345008      0.255123             0     0.0898845             0             0             0             0             0             0 
   221      0.342128     0.0817499             0      0.260378             0             0             0             0             0             0 
   222     0.0766593      0.293575             0     -0.216916             0             0             0             0             0             0 
   223      0.101666     0.0442015             0     0.0574644             0             0             0             0             0             0 
   224     -0.163226      -0.72163             0      0.558404             0             0             0             0             0             0 
   225      0.134985      0.311422             0     -0.176437             0             0             0             0             0             0 
   226    -0.0175862     -0.118956             0       0.10137             0             0             0             0             0             0 
   227     -0.145509     -0.604372             0      0.458863             0             0             0             0             0             0 
   234     0.0255568     -0.157755             0      0.183312             0             0             0             0             0             0 
   235    -0.0235877     0.0643894             0    -0.0879771             0             0             0             0             0             0 
   236     -0.164653      0.307506             0     -0.472159             0             0             0             0             0             0 
   237     0.0258912    -0.0148565             0     0.0407478             0             0             0             0             0             0 
   238    -0.0347719     0.0384138             0    -0.0731857             0             0             0             0             0             0 
   239   -0.00736212     0.0977732             0     -0.105135             0             0             0             0             0             0 
   240   -0.00554535     0.0489094             0    -0.0544548             0             0             0             0             0             0 
   241    -0.0121301     0.0391041             0    -0.0512342             0             0             0             0             0             0 
   242     0.0383932    -0.0977294             0      0.136123             0             0             0             0             0             0 
   243     0.0223313      0.180457             0     -0.158126             0             0             0             0             0             0 
   244     0.0080073    -0.0565873             0     0.0645946             0             0             0             0             0             0 
   245    -0.0923173     -0.501492             0      0.409174             0             0             0             0             0             0 
   246     -0.031854      0.130326             0      -0.16218             0             0             0             0             0             0 
   247   -0.00839883     -0.131495             0      0.123096             0             0             0             0             0             0 
   248     0.0824158     -0.341367             0      0.423783             0             0             0             0             0             0 
   255     0.0173234    -0.0867757             0      0.104099             0             0             0             0             0             0 
   256    -0.0732334     0.0743443             0     -0.147578             0             0             0             0             0             0 
   257    -0.0819096      0.188577             0     -0.270486             0             0             0             0             0             0 
   258     0.0555636     0.0144502             0     0.0411134             0             0             0             0             0             0 
   259     -0.312398      -0.17237             0     -0.140029             0             0             0             0             0             0 
   260     -0.110934   -0.00517728             0     -0.105757             0             0             0             0             0             0 
   261     0.0957637     0.0921935             0    0.00357021             0             0             0             0             0             0 
   262     -0.386252     -0.249989             0     -0.136263             0             0             0             0             0             0 
   263    -0.0737352    -0.0644045             0   -0.00933071             0             0             0             0             0             0 
   264     0.0344506      0.137299             0     -0.102849             0             0             0             0             0             0 
   265    -0.0877602     -0.167936             0     0.0801761             0             0             0             0             0             0 
   266   -0.00843783     -0.280943             0      0.272505             0             0             0             0             0             0 
   267     -0.168871    -0.0191541             0     -0.149717             0             0             0             0             0             0 
   268       0.19575     0.0157213             0      0.180029             0             0             0             0             0             0 
   269     0.0960257     -0.297491             0      0.393516             0             0             0             0             0             0 
   318    0.00121842    -0.0279128             0     0.0291313             0             0             0             0             0             0 
   319     -0.059019     0.0322199             0    -0.0912388             0             0             0             0             0             0 
   320    -0.0400947     0.0360575             0    -0.0761522             0             0             0             0             0             0 
   321     0.0307586     0.0249873             0    0.00577128             0             0             0             0             0             0 
   322     -0.106955     -0.115748             0    0.00879295             0             0             0             0             0             0 
   323     0.0175699     0.0321988             0    -0.0146289             0             0             0             0             0             0 
   324    -0.0126063    0.00816172             0     -0.020768             0             0             0             0             0             0 
   325     -0.033834    -0.0440217             0     0.0101877             0             0             0             0             0             0 
   326      0.094172     0.0407853             0     0.0533867             0             0             0             0             0             0 
   327    -0.0705133   -0.00518344             0    -0.0653299             0             0             0             0             0             0 
   328      0.216215      0.292153             0    -0.0759372             0             0             0             0             0             0 
   329     -0.187031     -0.355817             0      0.168785             0             0             0             0             0             0 
   330    0.00677551     0.0575406             0    -0.0507651             0             0             0             0             0             0 
   331      0.217565       0.26931             0    -0.0517443             0             0             0             0             0             0 
   332     -0.243663     -0.375284             0      0.131621             0             0             0             0             0             0 
   339     0.0131825    -0.0215072             0     0.0346896             0             0             0             0             0             0 
   340     -0.179769    -0.0110843             0     -0.168685             0             0             0             0             0             0 
   341    -0.0295818     0.0626794             0    -0.0922611             0             0             0             0             0             0 
   342     0.0850078     0.0834267             0    0.00158112             0             0             0             0             0             0 
   343     -0.255663     -0.334681             0     0.0790182             0             0             0             0             0             0 
   344     0.0717334     0.0742073             0   -0.00247391             0             0             0             0             0             0 
   345    -0.0260587    -0.0104949             0    -0.0155638             0             0             0             0             0             0 
   346      0.119443    -0.0376883             0      0.157131             0             0             0             0             0             0 
   347     0.0967927      0.053765             0     0.0430277             0             0             0             0             0             0 
   348     0.0369297      0.123861             0    -0.0869308             0             0             0             0             0             0 
   349      0.200868      0.240817             0    -0.0399497             0             0             0             0             0             0 
   350     -0.168388     -0.393439             0      0.225051             0             0             0             0             0             0 
   351      0.136907      0.256208             0     -0.119301             0             0             0             0             0             0 
   352      0.135587      0.183078             0    -0.0474909             0             0             0             0             0             0 
   353     -0.244699      -0.55358             0      0.308881             0             0             0             0             0             0 
   360     0.0258295    -0.0209215             0      0.046751             0             0             0             0             0             0 
   361     -0.178943    -0.0984709             0    -0.0804725             0             0             0             0             0             0 
   362    -0.0179917      0.103589             0     -0.121581             0             0             0             0             0             0 
   363    -0.0239527    -0.0328182             0    0.00886553             0             0             0             0             0             0 
   364    0.00214854     -0.105112             0       0.10726             0             0             0             0             0             0 
   365     0.0961787      0.115885             0    -0.0197058             0             0             0             0             0             0 
   366     -0.181306     -0.172532             0   -0.00877418             0             0             0             0             0             0 
   367      0.410942      0.249316             0      0.161626             0             0             0             0             0             0 
   368     0.0578544     0.0335776             0     0.0242768             0             0             0             0             0             0 
   369     0.0435376       0.13673             0     -0.093192             0             0             0             0             0             0 
   370     0.0955033     0.0361564             0     0.0593468             0             0             0             0             0             0 
   371    -0.0885758     -0.328395             0      0.239819             0             0             0             0             0             0 
   372     0.0925178       0.23793             0     -0.145412             0             0             0             0             0             0 
   373   -0.00157634     -0.108989             0      0.107413             0             0             0             0             0             0 
   374    -0.0591482     -0.436413             0      0.377264             0             0             0             0             0             0 
   381    0.00649101    -0.0312805             0     0.0377715             0             0             0             0             0             0 
   382    -0.0232222   -0.00567511             0    -0.0175471             0             0             0             0             0             0 
   383    -0.0388486     0.0578497             0    -0.0966983             0             0             0             0             0             0 
   384     -0.015989    -0.0257244             0    0.00973534             0             0             0             0             0             0 
   385     0.0234943     0.0231286             0   0.000365621             0             0             0             0             0             0 
   386    -0.0292763   -0.00530988             0    -0.0239664             0             0             0             0             0             0 
   387    -0.0278451    -0.0262584             0   -0.00158669             0             0             0             0             0             0 
   388     0.0450702      0.048218             0   -0.00314782             0             0             0             0             0             0 
   389    -0.0403921    -0.0442176             0    0.00382554             0             0             0             0             0             0 
   390     0.0107968     0.0711132             0    -0.0603164             0             0             0             0             0             0 
   391   -0.00166709    -0.0379238             0     0.0362567             0             0             0             0             0             0 
   392    -0.0206589      -0.17672             0      0.156061             0             0             0             0             0             0 
   393     -0.026192     0.0692118             0    -0.0954038             0             0             0             0             0             0 
   394    0.00375605    -0.0833755             0     0.0871315             0             0             0             0             0             0 
   395      0.119871     -0.129337             0      0.249208             0             0             0             0             0             0 
   402    0.00203013    -0.0181295             0     0.0201596             0             0             0             0             0             0 
   403    -0.0247021  -0.000449882             0    -0.0242522             0             0             0             0             0             0 
   404    -0.0358195     0.0160057             0    -0.0518251             0             0             0             0             0             0 
   405    0.00702818   0.000277596             0    0.00675058             0             0             0             0             0             0 
   406    -0.0666416    -0.0415568             0    -0.0250848             0             0             0             0             0             0 
   407    -0.0915685    -0.0752497             0    -0.0163188             0             0             0             0             0             0 
   408     0.0158844    0.00969672             0     0.0061877             0             0             0             0             0             0 
   409    -0.0745634    -0.0414345             0    -0.0331288             0             0             0             0             0             0 
   410    -0.0955322    -0.0806875             0    -0.0148447             0             0             0             0             0             0 
   411    0.00589324     0.0427957             0    -0.0369024             0             0             0             0             0             0 
   412   -0.00380596    -0.0295743             0     0.0257684             0             0             0             0             0             0 
   413     0.0328705    -0.0649224             0      0.097793             0             0             0             0             0             0 
   414    -0.0517151     0.0205809             0     -0.072296             0             0             0             0             0             0 
   415      0.073335     0.0108766             0     0.0624583             0             0             0             0             0             0 
   416      0.183556   -0.00570174             0      0.189258             0             0             0             0             0             0 
