#varID         total       dxdbVol      dxdbSurf          dSdb          dndb    dxdbDirect          dVdb      distance       options          dvdb
   171     -0.106245     -0.213146             0      0.106901             0             0             0             0             0             0 
   172     -0.150328     -0.115121             0    -0.0352063             0             0             0             0             0             0 
   173     -0.227016     -0.173979             0    -0.0530368             0             0             0             0             0             0 
   174     -0.192272     -0.198971             0    0.00669833             0             0             0             0             0             0 
   175    -0.0816189    -0.0566602             0    -0.0249587             0             0             0             0             0             0 
   176      0.418254      0.422169             0   -0.00391511             0             0             0             0             0             0 
   177     -0.221682     -0.157271             0    -0.0644104             0             0             0             0             0             0 
   178     -0.166434     -0.164533             0   -0.00190094             0             0             0             0             0             0 
   179      0.793778      0.761876             0     0.0319027             0             0             0             0             0             0 
   180   -0.00372419     0.0942803             0    -0.0980044             0             0             0             0             0             0 
   181      0.446693      0.435015             0     0.0116777             0             0             0             0             0             0 
   182     -0.484109     -0.532881             0     0.0487729             0             0             0             0             0             0 
   183    -0.0915513    -0.0385833             0     -0.052968             0             0             0             0             0             0 
   184       1.12327        1.1124             0     0.0108796             0             0             0             0             0             0 
   185     -0.219472     -0.246122             0     0.0266498             0             0             0             0             0             0 
   192      -0.25441     -0.385894             0      0.131485             0             0             0             0             0             0 
   193     0.0100552     0.0765862             0     -0.066531             0             0             0             0             0             0 
   194      0.202557      0.268007             0    -0.0654498             0             0             0             0             0             0 
   195     -0.557705     -0.559526             0    0.00182124             0             0             0             0             0             0 
   196      0.168011      0.187526             0    -0.0195149             0             0             0             0             0             0 
   197      0.406342      0.407976             0   -0.00163382             0             0             0             0             0             0 
   198    0.00262909     0.0427031             0     -0.040074             0             0             0             0             0             0 
   199      0.211345      0.189445             0     0.0219006             0             0             0             0             0             0 
   200     -0.197228     -0.217003             0     0.0197745             0             0             0             0             0             0 
   201        1.2491       1.32345             0    -0.0743531             0             0             0             0             0             0 
   202      0.276975       0.26647             0     0.0105045             0             0             0             0             0             0 
   203      -1.31123      -1.34802             0     0.0367937             0             0             0             0             0             0 
   204      0.956659       1.03175             0    -0.0750913             0             0             0             0             0             0 
   205      0.235145      0.222179             0     0.0129661             0             0             0             0             0             0 
   206      0.575574      0.537947             0      0.037626             0             0             0             0             0             0 
   213     -0.174455     -0.343819             0      0.169364             0             0             0             0             0             0 
   214      0.338665        0.4002             0    -0.0615343             0             0             0             0             0             0 
   215      0.551863      0.636206             0    -0.0843436             0             0             0             0             0             0 
   216     -0.170462      -0.14231             0    -0.0281519             0             0             0             0             0             0 
   217     -0.451954     -0.441986             0   -0.00996791             0             0             0             0             0             0 
   218     0.0364818      0.023085             0     0.0133968             0             0             0             0             0             0 
   219      0.452494      0.526614             0    -0.0741201             0             0             0             0             0             0 
   220     -0.538052     -0.551613             0     0.0135608             0             0             0             0             0             0 
   221     -0.744638     -0.781731             0      0.037093             0             0             0             0             0             0 
   222      0.703697      0.769038             0    -0.0653415             0             0             0             0             0             0 
   223      0.101444     0.0920365             0    0.00940766             0             0             0             0             0             0 
   224     -0.810755     -0.842777             0     0.0320225             0             0             0             0             0             0 
   225     -0.137371    -0.0513519             0    -0.0860191             0             0             0             0             0             0 
   226      0.676509      0.653585             0     0.0229242             0             0             0             0             0             0 
   227      0.942079      0.899604             0     0.0424751             0             0             0             0             0             0 
   234    -0.0507245     -0.181478             0      0.130753             0             0             0             0             0             0 
   235     0.0522949      0.109022             0    -0.0567275             0             0             0             0             0             0 
   236      0.195889      0.260721             0    -0.0648324             0             0             0             0             0             0 
   237      0.068011     0.0995113             0    -0.0315003             0             0             0             0             0             0 
   238     -0.179371       -0.1402             0    -0.0391715             0             0             0             0             0             0 
   239     -0.243996      -0.25962             0      0.015624             0             0             0             0             0             0 
   240      0.177444       0.23518             0    -0.0577367             0             0             0             0             0             0 
   241     -0.146218     -0.132442             0    -0.0137767             0             0             0             0             0             0 
   242     -0.275685     -0.305245             0     0.0295605             0             0             0             0             0             0 
   243     -0.134033     -0.102986             0    -0.0310474             0             0             0             0             0             0 
   244    -0.0578593    -0.0816718             0     0.0238126             0             0             0             0             0             0 
   245      0.167433      0.152122             0     0.0153105             0             0             0             0             0             0 
   246     -0.848992     -0.752349             0    -0.0966429             0             0             0             0             0             0 
   247       0.80125      0.775677             0     0.0255735             0             0             0             0             0             0 
   248       1.05689       1.00927             0     0.0476123             0             0             0             0             0             0 
   255    -0.0107533     -0.087672             0     0.0769187             0             0             0             0             0             0 
   256      0.141658      0.223956             0    -0.0822988             0             0             0             0             0             0 
   257    -0.0287686    0.00911625             0    -0.0378849             0             0             0             0             0             0 
   258   -0.00326947    0.00313601             0   -0.00640548             0             0             0             0             0             0 
   259      0.227174      0.291528             0     -0.064354             0             0             0             0             0             0 
   260   -0.00142153    -0.0049101             0    0.00348857             0             0             0             0             0             0 
   261     0.0847479     0.0929707             0    -0.0082228             0             0             0             0             0             0 
   262     0.0725899      0.112292             0    -0.0397022             0             0             0             0             0             0 
   263      0.359325      0.354454             0     0.0048709             0             0             0             0             0             0 
   264    -0.0482634    -0.0274958             0    -0.0207676             0             0             0             0             0             0 
   265     -0.510758     -0.499833             0    -0.0109251             0             0             0             0             0             0 
   266      0.532872      0.522669             0     0.0102031             0             0             0             0             0             0 
   267     -0.203976    -0.0888639             0     -0.115112             0             0             0             0             0             0 
   268     0.0972418     0.0978425             0  -0.000600688             0             0             0             0             0             0 
   269      0.666649      0.609814             0      0.056835             0             0             0             0             0             0 
   318    -0.0950404     -0.106242             0     0.0112012             0             0             0             0             0             0 
   319     -0.348738     -0.337889             0    -0.0108492             0             0             0             0             0             0 
   320      0.057203     0.0626733             0   -0.00547034             0             0             0             0             0             0 
   321    -0.0305529    -0.0263278             0   -0.00422503             0             0             0             0             0             0 
   322     -0.523346     -0.541164             0     0.0178174             0             0             0             0             0             0 
   323      0.564121      0.561967             0     0.0021534             0             0             0             0             0             0 
   324    -0.0518288    -0.0402733             0    -0.0115555             0             0             0             0             0             0 
   325    -0.0885257     -0.105991             0     0.0174655             0             0             0             0             0             0 
   326      0.414278      0.408398             0    0.00587921             0             0             0             0             0             0 
   327   -0.00741536     0.0305964             0    -0.0380118             0             0             0             0             0             0 
   328      0.200106      0.186724             0     0.0133825             0             0             0             0             0             0 
   329      0.248441      0.229281             0     0.0191592             0             0             0             0             0             0 
   330     0.0125078     0.0472212             0    -0.0347133             0             0             0             0             0             0 
   331      0.240573      0.231058             0    0.00951456             0             0             0             0             0             0 
   332       0.70318      0.685593             0     0.0175867             0             0             0             0             0             0 
   339     -0.124405     -0.134614             0     0.0102086             0             0             0             0             0             0 
   340     -0.612985     -0.600101             0    -0.0128846             0             0             0             0             0             0 
   341      0.275982      0.280926             0    -0.0049437             0             0             0             0             0             0 
   342     0.0930912      0.116973             0    -0.0238816             0             0             0             0             0             0 
   343      -1.13814      -1.21628             0     0.0781385             0             0             0             0             0             0 
   344       1.73002       1.71788             0     0.0121482             0             0             0             0             0             0 
   345      0.292623      0.305934             0     -0.013311             0             0             0             0             0             0 
   346    -0.0708598       -0.1472             0     0.0763401             0             0             0             0             0             0 
   347       1.03508       1.02815             0    0.00693267             0             0             0             0             0             0 
   348      0.973827       1.01428             0    -0.0404567             0             0             0             0             0             0 
   349     -0.135344     -0.150286             0     0.0149415             0             0             0             0             0             0 
   350     0.0176477   -0.00268481             0     0.0203325             0             0             0             0             0             0 
   351        1.1467       1.21258             0    -0.0658754             0             0             0             0             0             0 
   352     -0.891863     -0.903443             0     0.0115805             0             0             0             0             0             0 
   353       1.94783       1.91453             0     0.0333005             0             0             0             0             0             0 
   360    0.00380931    -0.0209544             0     0.0247637             0             0             0             0             0             0 
   361     -0.335284     -0.335207             0  -7.74183e-05             0             0             0             0             0             0 
   362      0.357793      0.369974             0    -0.0121815             0             0             0             0             0             0 
   363      0.223491      0.241023             0    -0.0175317             0             0             0             0             0             0 
   364      -1.21706      -1.29065             0     0.0735976             0             0             0             0             0             0 
   365       1.33467       1.32574             0    0.00892224             0             0             0             0             0             0 
   366      0.279671      0.296252             0    -0.0165811             0             0             0             0             0             0 
   367     -0.331864     -0.393981             0     0.0621168             0             0             0             0             0             0 
   368      0.832887       0.82434             0    0.00854687             0             0             0             0             0             0 
   369      0.380089      0.414866             0    -0.0347773             0             0             0             0             0             0 
   370       0.22559      0.214304             0     0.0112864             0             0             0             0             0             0 
   371    -0.0503413    -0.0675971             0     0.0172558             0             0             0             0             0             0 
   372     -0.558477      -0.48872             0    -0.0697573             0             0             0             0             0             0 
   373      0.682251      0.665293             0     0.0169579             0             0             0             0             0             0 
   374       1.54717       1.51227             0     0.0349013             0             0             0             0             0             0 
   381    0.00994548    -0.0182359             0     0.0281813             0             0             0             0             0             0 
   382    -0.0325296     -0.022173             0    -0.0103565             0             0             0             0             0             0 
   383      0.055739     0.0695861             0    -0.0138471             0             0             0             0             0             0 
   384      0.100278      0.106505             0    -0.0062268             0             0             0             0             0             0 
   385     -0.268719     -0.266607             0    -0.0021114             0             0             0             0             0             0 
   386      0.112656      0.109415             0     0.0032415             0             0             0             0             0             0 
   387     0.0748151     0.0829041             0   -0.00808894             0             0             0             0             0             0 
   388     -0.163935     -0.158767             0   -0.00516843             0             0             0             0             0             0 
   389      0.114518       0.11009             0    0.00442762             0             0             0             0             0             0 
   390     -0.276452     -0.261384             0    -0.0150676             0             0             0             0             0             0 
   391      0.103114     0.0948082             0    0.00830581             0             0             0             0             0             0 
   392      0.252089      0.244557             0    0.00753189             0             0             0             0             0             0 
   393      -1.41017      -1.34854             0    -0.0616346             0             0             0             0             0             0 
   394       1.13893       1.12558             0     0.0133535             0             0             0             0             0             0 
   395       1.01746      0.986936             0     0.0305279             0             0             0             0             0             0 
   402  -0.000796975    -0.0167156             0     0.0159187             0             0             0             0             0             0 
   403       0.08586      0.103751             0    -0.0178913             0             0             0             0             0             0 
   404    -0.0152542    -0.0075692             0   -0.00768498             0             0             0             0             0             0 
   405   -0.00101989    0.00244017             0   -0.00346006             0             0             0             0             0             0 
   406      0.136959      0.152372             0    -0.0154132             0             0             0             0             0             0 
   407     0.0340203     0.0320666             0    0.00195369             0             0             0             0             0             0 
   408     0.0240335     0.0227683             0    0.00126529             0             0             0             0             0             0 
   409     0.0249008     0.0378763             0    -0.0129755             0             0             0             0             0             0 
   410      0.205023      0.205239             0  -0.000215722             0             0             0             0             0             0 
   411    -0.0700187     -0.059814             0    -0.0102047             0             0             0             0             0             0 
   412     -0.310391     -0.310031             0  -0.000359708             0             0             0             0             0             0 
   413       0.16137      0.156247             0    0.00512364             0             0             0             0             0             0 
   414     -0.176363     -0.115865             0    -0.0604979             0             0             0             0             0             0 
   415     0.0369863     0.0389577             0   -0.00197143             0             0             0             0             0             0 
   416      0.305343      0.275384             0      0.029959             0             0             0             0             0             0 
