#varID         total       dxdbVol      dxdbSurf          dSdb          dndb    dxdbDirect          dVdb      distance       options          dvdb
   171    -0.0724826     -0.179576             0      0.107094             0             0             0             0             0             0 
   172     -0.109629    -0.0737146             0    -0.0359147             0             0             0             0             0             0 
   173      -0.22524     -0.172105             0     -0.053135             0             0             0             0             0             0 
   174     -0.174631     -0.179811             0    0.00517974             0             0             0             0             0             0 
   175     0.0174821      0.042334             0    -0.0248519             0             0             0             0             0             0 
   176      0.257912      0.261063             0   -0.00315066             0             0             0             0             0             0 
   177     -0.127831    -0.0675629             0    -0.0602677             0             0             0             0             0             0 
   178    -0.0938933    -0.0954156             0    0.00152226             0             0             0             0             0             0 
   179      0.484667      0.454828             0      0.029839             0             0             0             0             0             0 
   180      0.165762      0.265593             0    -0.0998318             0             0             0             0             0             0 
   181      0.200886      0.185106             0     0.0157802             0             0             0             0             0             0 
   182      -0.35377     -0.403409             0     0.0496391             0             0             0             0             0             0 
   183    -0.0251037     0.0312939             0    -0.0563976             0             0             0             0             0             0 
   184      0.712351      0.700595             0     0.0117559             0             0             0             0             0             0 
   185     0.0681407     0.0397758             0     0.0283649             0             0             0             0             0             0 
   192     -0.181084      -0.31348             0      0.132396             0             0             0             0             0             0 
   193     0.0761648      0.143515             0    -0.0673505             0             0             0             0             0             0 
   194      0.212335      0.278235             0    -0.0659002             0             0             0             0             0             0 
   195     -0.529059     -0.531113             0    0.00205422             0             0             0             0             0             0 
   196      0.316072      0.333209             0    -0.0171371             0             0             0             0             0             0 
   197      0.258876      0.260615             0   -0.00173869             0             0             0             0             0             0 
   198     0.0733281      0.105327             0    -0.0319987             0             0             0             0             0             0 
   199      0.109494     0.0814543             0     0.0280401             0             0             0             0             0             0 
   200     -0.326342     -0.342052             0     0.0157093             0             0             0             0             0             0 
   201       1.22088       1.29958             0    -0.0786975             0             0             0             0             0             0 
   202  -0.000917453    -0.0153817             0     0.0144643             0             0             0             0             0             0 
   203      -1.01726      -1.05612             0     0.0388529             0             0             0             0             0             0 
   204      0.770753      0.853485             0    -0.0827316             0             0             0             0             0             0 
   205    -0.0481299    -0.0613894             0     0.0132596             0             0             0             0             0             0 
   206      0.833067      0.791608             0     0.0414595             0             0             0             0             0             0 
   213     -0.142711     -0.313584             0      0.170873             0             0             0             0             0             0 
   214      0.356674      0.417843             0    -0.0611684             0             0             0             0             0             0 
   215      0.571863      0.656944             0    -0.0850811             0             0             0             0             0             0 
   216     -0.143898     -0.119271             0     -0.024627             0             0             0             0             0             0 
   217     -0.358011     -0.349624             0   -0.00838667             0             0             0             0             0             0 
   218     0.0353488     0.0236984             0     0.0116504             0             0             0             0             0             0 
   219      0.483609      0.548211             0    -0.0646018             0             0             0             0             0             0 
   220     -0.678782     -0.693432             0     0.0146499             0             0             0             0             0             0 
   221     -0.613603     -0.645898             0      0.032295             0             0             0             0             0             0 
   222      0.575134      0.649204             0    -0.0740705             0             0             0             0             0             0 
   223   -0.00697801    -0.0143894             0    0.00741136             0             0             0             0             0             0 
   224     -0.556386     -0.592676             0     0.0362905             0             0             0             0             0             0 
   225     -0.243854     -0.147613             0    -0.0962412             0             0             0             0             0             0 
   226      0.522053       0.50092             0     0.0211333             0             0             0             0             0             0 
   227      0.775119      0.727478             0     0.0476412             0             0             0             0             0             0 
   234    -0.0420122     -0.174836             0      0.132823             0             0             0             0             0             0 
   235     0.0359123     0.0922066             0    -0.0562943             0             0             0             0             0             0 
   236       0.27241      0.338264             0    -0.0658542             0             0             0             0             0             0 
   237     0.0572704     0.0852853             0    -0.0280148             0             0             0             0             0             0 
   238     -0.171785     -0.133012             0    -0.0387731             0             0             0             0             0             0 
   239     -0.155698     -0.169584             0     0.0138852             0             0             0             0             0             0 
   240      0.146932      0.200855             0    -0.0539234             0             0             0             0             0             0 
   241     -0.138813     -0.121714             0    -0.0170987             0             0             0             0             0             0 
   242     -0.184208     -0.211858             0     0.0276495             0             0             0             0             0             0 
   243     -0.163271     -0.124422             0    -0.0388495             0             0             0             0             0             0 
   244    -0.0399826    -0.0594993             0     0.0195167             0             0             0             0             0             0 
   245      0.264178      0.244988             0     0.0191894             0             0             0             0             0             0 
   246     -0.729954     -0.627427             0     -0.102527             0             0             0             0             0             0 
   247      0.651426      0.626609             0     0.0248173             0             0             0             0             0             0 
   248        0.5897      0.539098             0     0.0506016             0             0             0             0             0             0 
   255    -0.0032589    -0.0821152             0     0.0788563             0             0             0             0             0             0 
   256     0.0917377      0.175062             0    -0.0833242             0             0             0             0             0             0 
   257     0.0200882     0.0589339             0    -0.0388457             0             0             0             0             0             0 
   258    0.00172972     0.0063829             0   -0.00465318             0             0             0             0             0             0 
   259      0.167499      0.233659             0    -0.0661601             0             0             0             0             0             0 
   260     0.0188902     0.0162723             0     0.0026179             0             0             0             0             0             0 
   261     0.0739626     0.0812092             0   -0.00724658             0             0             0             0             0             0 
   262     0.0735459      0.117376             0    -0.0438302             0             0             0             0             0             0 
   263      0.328149      0.323751             0    0.00439832             0             0             0             0             0             0 
   264    -0.0645021    -0.0396566             0    -0.0248455             0             0             0             0             0             0 
   265     -0.440177     -0.428039             0    -0.0121382             0             0             0             0             0             0 
   266      0.546161      0.533912             0     0.0122486             0             0             0             0             0             0 
   267     -0.194905    -0.0769055             0     -0.117999             0             0             0             0             0             0 
   268     0.0389098     0.0373261             0    0.00158371             0             0             0             0             0             0 
   269      0.342826      0.284528             0     0.0582985             0             0             0             0             0             0 
   318    -0.0590573    -0.0707741             0     0.0117168             0             0             0             0             0             0 
   319     -0.266971     -0.256015             0    -0.0109563             0             0             0             0             0             0 
   320     0.0378089     0.0435392             0   -0.00573032             0             0             0             0             0             0 
   321    -0.0479059    -0.0436108             0    -0.0042952             0             0             0             0             0             0 
   322      -0.34521     -0.363738             0     0.0185286             0             0             0             0             0             0 
   323      0.436074      0.433887             0    0.00218666             0             0             0             0             0             0 
   324    -0.0491873     -0.038452             0    -0.0107352             0             0             0             0             0             0 
   325    -0.0202822    -0.0390385             0     0.0187563             0             0             0             0             0             0 
   326      0.284813      0.279345             0    0.00546792             0             0             0             0             0             0 
   327      0.067128      0.106512             0    -0.0393838             0             0             0             0             0             0 
   328     0.0301708     0.0154596             0     0.0147112             0             0             0             0             0             0 
   329      0.323821      0.303987             0      0.019834             0             0             0             0             0             0 
   330     0.0285511     0.0650607             0    -0.0365096             0             0             0             0             0             0 
   331      0.009235  -0.000641858             0    0.00987685             0             0             0             0             0             0 
   332      0.846804      0.828314             0     0.0184905             0             0             0             0             0             0 
   339    -0.0815481     -0.093026             0     0.0114778             0             0             0             0             0             0 
   340     -0.380973     -0.367701             0    -0.0132716             0             0             0             0             0             0 
   341      0.218607      0.224189             0   -0.00558142             0             0             0             0             0             0 
   342    -0.0175346    0.00592715             0    -0.0234618             0             0             0             0             0             0 
   343     -0.711525     -0.791063             0     0.0795379             0             0             0             0             0             0 
   344       1.36714        1.3552             0     0.0119382             0             0             0             0             0             0 
   345      0.248293      0.259748             0    -0.0114546             0             0             0             0             0             0 
   346    -0.0956547     -0.173945             0     0.0782901             0             0             0             0             0             0 
   347      0.760797      0.754802             0    0.00599464             0             0             0             0             0             0 
   348      0.879634      0.923485             0     -0.043851             0             0             0             0             0             0 
   349     -0.302868     -0.318941             0     0.0160733             0             0             0             0             0             0 
   350      0.188963      0.166964             0     0.0219989             0             0             0             0             0             0 
   351      0.862378      0.933285             0    -0.0709068             0             0             0             0             0             0 
   352     -0.970888     -0.982458             0     0.0115704             0             0             0             0             0             0 
   353       2.05161       2.01576             0     0.0358455             0             0             0             0             0             0 
   360   -0.00881433    -0.0348752             0     0.0260609             0             0             0             0             0             0 
   361     -0.105247     -0.104708             0  -0.000539035             0             0             0             0             0             0 
   362       0.27604      0.288867             0    -0.0128272             0             0             0             0             0             0 
   363      0.182202      0.198766             0    -0.0165648             0             0             0             0             0             0 
   364     -0.923087     -0.996211             0     0.0731245             0             0             0             0             0             0 
   365       1.01125        1.0028             0    0.00844587             0             0             0             0             0             0 
   366       0.38674      0.400857             0    -0.0141165             0             0             0             0             0             0 
   367     -0.541791     -0.603677             0      0.061886             0             0             0             0             0             0 
   368      0.663015      0.655708             0    0.00730613             0             0             0             0             0             0 
   369      0.293562      0.333437             0    -0.0398748             0             0             0             0             0             0 
   370     0.0846485      0.074329             0     0.0103195             0             0             0             0             0             0 
   371     0.0446697     0.0248814             0     0.0197883             0             0             0             0             0             0 
   372     -0.742279     -0.665911             0    -0.0763677             0             0             0             0             0             0 
   373      0.602387      0.586201             0     0.0161869             0             0             0             0             0             0 
   374       1.29338       1.25511             0     0.0382743             0             0             0             0             0             0 
   381    0.00545626     -0.023317             0     0.0287733             0             0             0             0             0             0 
   382    -0.0156183   -0.00525441             0    -0.0103639             0             0             0             0             0             0 
   383     0.0594127     0.0735524             0    -0.0141397             0             0             0             0             0             0 
   384     0.0948993      0.100367             0   -0.00546734             0             0             0             0             0             0 
   385     -0.243774     -0.241457             0   -0.00231695             0             0             0             0             0             0 
   386     0.0778848     0.0750204             0    0.00286436             0             0             0             0             0             0 
   387     0.0834509     0.0904801             0   -0.00702923             0             0             0             0             0             0 
   388     -0.178126     -0.171707             0   -0.00641893             0             0             0             0             0             0 
   389     0.0931739     0.0892754             0    0.00389853             0             0             0             0             0             0 
   390     -0.256416      -0.23794             0    -0.0184767             0             0             0             0             0             0 
   391      0.077172     0.0704747             0    0.00669735             0             0             0             0             0             0 
   392      0.223575      0.214337             0    0.00923856             0             0             0             0             0             0 
   393      -1.22264      -1.15807             0    -0.0645754             0             0             0             0             0             0 
   394      0.944147      0.931035             0     0.0131117             0             0             0             0             0             0 
   395        0.5669      0.534863             0     0.0320367             0             0             0             0             0             0 
   402   0.000140811     -0.016171             0     0.0163118             0             0             0             0             0             0 
   403     0.0554959     0.0735842             0    -0.0180884             0             0             0             0             0             0 
   404   -0.00690542   0.000974451             0   -0.00787987             0             0             0             0             0             0 
   405   0.000435718     0.0036465             0   -0.00321078             0             0             0             0             0             0 
   406     0.0969356      0.112803             0     -0.015867             0             0             0             0             0             0 
   407     0.0140525     0.0122214             0    0.00183106             0             0             0             0             0             0 
   408     0.0197666     0.0182693             0    0.00149732             0             0             0             0             0             0 
   409     0.0264218     0.0404641             0    -0.0140423             0             0             0             0             0             0 
   410      0.143733      0.144059             0  -0.000326808             0             0             0             0             0             0 
   411    -0.0725548    -0.0609081             0    -0.0116468             0             0             0             0             0             0 
   412     -0.245717     -0.245209             0  -0.000508118             0             0             0             0             0             0 
   413      0.126915      0.121067             0    0.00584851             0             0             0             0             0             0 
   414     -0.153404    -0.0918917             0    -0.0615123             0             0             0             0             0             0 
   415     0.0168357     0.0177634             0  -0.000927699             0             0             0             0             0             0 
   416     0.0708126     0.0403362             0     0.0304764             0             0             0             0             0             0 
