#varID         total       dxdbVol      dxdbSurf          dSdb          dndb    dxdbDirect          dVdb      distance       options          dvdb
   171    -0.0525993     -0.271622             0      0.219022             0             0             0             0             0             0 
   172      -0.13366    -0.0485154             0    -0.0851443             0             0             0             0             0             0 
   173      -1.78022      -1.21693             0     -0.563289             0             0             0             0             0             0 
   174      0.399352       0.29871             0      0.100642             0             0             0             0             0             0 
   175     -0.210024     -0.215483             0    0.00545927             0             0             0             0             0             0 
   176      -1.27761      -1.01821             0     -0.259394             0             0             0             0             0             0 
   177     0.0969618      0.267817             0     -0.170855             0             0             0             0             0             0 
   178     -0.158041     -0.118704             0    -0.0393377             0             0             0             0             0             0 
   179      0.583775       0.14865             0      0.435124             0             0             0             0             0             0 
   180     -0.948308     -0.703943             0     -0.244366             0             0             0             0             0             0 
   181      0.376292      0.560255             0     -0.183964             0             0             0             0             0             0 
   182       1.04916      0.419499             0      0.629663             0             0             0             0             0             0 
   183     -0.159458    -0.0718875             0    -0.0875707             0             0             0             0             0             0 
   184      0.468504      0.545266             0    -0.0767612             0             0             0             0             0             0 
   185      0.264245     0.0364894             0      0.227755             0             0             0             0             0             0 
   192     -0.028589     -0.274935             0      0.246346             0             0             0             0             0             0 
   193     -0.153451    -0.0118395             0     -0.141612             0             0             0             0             0             0 
   194     -0.748142     -0.112365             0     -0.635777             0             0             0             0             0             0 
   195       0.24036      0.116337             0      0.124023             0             0             0             0             0             0 
   196     -0.182861      -0.19244             0    0.00957961             0             0             0             0             0             0 
   197     -0.443339     -0.123657             0     -0.319682             0             0             0             0             0             0 
   198     0.0978593      0.260918             0     -0.163058             0             0             0             0             0             0 
   199     0.0633342     0.0505684             0     0.0127659             0             0             0             0             0             0 
   200      0.329916    -0.0877501             0      0.417666             0             0             0             0             0             0 
   201     -0.401921     -0.137148             0     -0.264773             0             0             0             0             0             0 
   202      0.254087      0.373904             0     -0.119817             0             0             0             0             0             0 
   203      0.487373     -0.195764             0      0.683137             0             0             0             0             0             0 
   204     0.0430088      0.185921             0     -0.142912             0             0             0             0             0             0 
   205      0.287147      0.339717             0    -0.0525695             0             0             0             0             0             0 
   206    -0.0765321     -0.447433             0      0.370901             0             0             0             0             0             0 
   213     0.0018536     -0.266208             0      0.268062             0             0             0             0             0             0 
   214    -0.0815852     0.0157978             0     -0.097383             0             0             0             0             0             0 
   215     -0.296846       0.39401             0     -0.690856             0             0             0             0             0             0 
   216      0.081451    -0.0357878             0      0.117239             0             0             0             0             0             0 
   217     0.0108107     0.0350847             0     -0.024274             0             0             0             0             0             0 
   218    -0.0194888      0.281514             0     -0.301003             0             0             0             0             0             0 
   219   -0.00470371      0.131314             0     -0.136017             0             0             0             0             0             0 
   220       0.20301      0.183854             0      0.019156             0             0             0             0             0             0 
   221       0.29116    -0.0546257             0      0.345785             0             0             0             0             0             0 
   222    -0.0692868       0.21434             0     -0.283627             0             0             0             0             0             0 
   223     0.0647677     0.0214796             0     0.0432881             0             0             0             0             0             0 
   224      0.178324     -0.551266             0       0.72959             0             0             0             0             0             0 
   225     0.0293533      0.220261             0     -0.190908             0             0             0             0             0             0 
   226     0.0281264    -0.0880439             0       0.11617             0             0             0             0             0             0 
   227    -0.0145935     -0.510508             0      0.495915             0             0             0             0             0             0 
   234     0.0017743     -0.188139             0      0.189913             0             0             0             0             0             0 
   235   -0.00630983     0.0653627             0    -0.0716725             0             0             0             0             0             0 
   236     -0.184249      0.304736             0     -0.488985             0             0             0             0             0             0 
   237     0.0289904    -0.0419388             0     0.0709292             0             0             0             0             0             0 
   238    -0.0026555     0.0762714             0     -0.078927             0             0             0             0             0             0 
   239    -0.0196607      0.162875             0     -0.182535             0             0             0             0             0             0 
   240    0.00709935     0.0676493             0    -0.0605499             0             0             0             0             0             0 
   241    -0.0207133     0.0530816             0    -0.0737949             0             0             0             0             0             0 
   242     0.0669606    -0.0844299             0       0.15139             0             0             0             0             0             0 
   243    -0.0250507      0.162057             0     -0.187108             0             0             0             0             0             0 
   244    -0.0688692     -0.133768             0     0.0648989             0             0             0             0             0             0 
   245     0.0710472     -0.412818             0      0.483865             0             0             0             0             0             0 
   246     -0.044422      0.130849             0     -0.175271             0             0             0             0             0             0 
   247     0.0663824    -0.0735535             0      0.139936             0             0             0             0             0             0 
   248      0.103184     -0.354526             0       0.45771             0             0             0             0             0             0 
   255    0.00305837     -0.104226             0      0.107285             0             0             0             0             0             0 
   256     -0.063956     0.0771778             0     -0.141134             0             0             0             0             0             0 
   257     -0.105235      0.173593             0     -0.278828             0             0             0             0             0             0 
   258     0.0285287    -0.0201958             0     0.0487245             0             0             0             0             0             0 
   259     -0.184908    -0.0519845             0     -0.132924             0             0             0             0             0             0 
   260     -0.100607     0.0246072             0     -0.125214             0             0             0             0             0             0 
   261     0.0676147     0.0639266             0    0.00368816             0             0             0             0             0             0 
   262     -0.348941     -0.196008             0     -0.152933             0             0             0             0             0             0 
   263     -0.108631    -0.0990465             0   -0.00958461             0             0             0             0             0             0 
   264      0.025309      0.133344             0     -0.108035             0             0             0             0             0             0 
   265     -0.410834     -0.480848             0     0.0700141             0             0             0             0             0             0 
   266       0.12194     -0.164569             0       0.28651             0             0             0             0             0             0 
   267     -0.123578     0.0373308             0     -0.160909             0             0             0             0             0             0 
   268      0.137394    -0.0481034             0      0.185497             0             0             0             0             0             0 
   269     0.0545027     -0.368318             0      0.422821             0             0             0             0             0             0 
   318   -0.00665683    -0.0384994             0     0.0318426             0             0             0             0             0             0 
   319    -0.0662115   -0.00866554             0     -0.057546             0             0             0             0             0             0 
   320     -0.211883     -0.129231             0    -0.0826513             0             0             0             0             0             0 
   321     0.0534289     0.0394821             0     0.0139468             0             0             0             0             0             0 
   322     -0.108615      -0.12202             0     0.0134054             0             0             0             0             0             0 
   323     -0.234094     -0.198532             0     -0.035562             0             0             0             0             0             0 
   324    -0.0326601   -0.00769272             0    -0.0249674             0             0             0             0             0             0 
   325    -0.0488443    -0.0427997             0    -0.0060446             0             0             0             0             0             0 
   326    -0.0253318    -0.0892983             0     0.0639665             0             0             0             0             0             0 
   327     -0.339246     -0.265867             0    -0.0733795             0             0             0             0             0             0 
   328      0.235648      0.328667             0    -0.0930187             0             0             0             0             0             0 
   329      0.224586     0.0355483             0      0.189038             0             0             0             0             0             0 
   330    -0.0571924   -0.00422789             0    -0.0529645             0             0             0             0             0             0 
   331       0.27491      0.331978             0    -0.0570681             0             0             0             0             0             0 
   332    -0.0144812     -0.151415             0      0.136934             0             0             0             0             0             0 
   339    0.00140925    -0.0366662             0     0.0380754             0             0             0             0             0             0 
   340     -0.133797    -0.0313457             0     -0.102451             0             0             0             0             0             0 
   341    -0.0964793    0.00388673             0     -0.100366             0             0             0             0             0             0 
   342     0.0637895     0.0479774             0     0.0158121             0             0             0             0             0             0 
   343     -0.187702     -0.242231             0     0.0545289             0             0             0             0             0             0 
   344    -0.0640497    -0.0249461             0    -0.0391037             0             0             0             0             0             0 
   345    -0.0206434    0.00218436             0    -0.0228278             0             0             0             0             0             0 
   346      0.076856    -0.0108901             0     0.0877462             0             0             0             0             0             0 
   347     0.0476561    -0.0137972             0     0.0614533             0             0             0             0             0             0 
   348     -0.115422    -0.0130546             0     -0.102367             0             0             0             0             0             0 
   349      0.192308      0.251293             0    -0.0589858             0             0             0             0             0             0 
   350     0.0492597     -0.215027             0      0.264287             0             0             0             0             0             0 
   351      0.094556      0.221228             0     -0.126672             0             0             0             0             0             0 
   352      0.186212      0.233338             0    -0.0471262             0             0             0             0             0             0 
   353     -0.170614     -0.497873             0      0.327259             0             0             0             0             0             0 
   360    0.00869687    -0.0400076             0     0.0487045             0             0             0             0             0             0 
   361    -0.0909775    -0.0411283             0    -0.0498491             0             0             0             0             0             0 
   362    -0.0459504     0.0804248             0     -0.126375             0             0             0             0             0             0 
   363   -0.00593934    -0.0277295             0     0.0217902             0             0             0             0             0             0 
   364    0.00719114    -0.0534495             0     0.0606406             0             0             0             0             0             0 
   365    0.00876726     0.0615181             0    -0.0527508             0             0             0             0             0             0 
   366    -0.0885325    -0.0753921             0    -0.0131404             0             0             0             0             0             0 
   367      0.261378      0.155174             0      0.106205             0             0             0             0             0             0 
   368     0.0386891    0.00298864             0     0.0357004             0             0             0             0             0             0 
   369   -0.00382108       0.10744             0     -0.111261             0             0             0             0             0             0 
   370     0.0728921     0.0178081             0      0.055084             0             0             0             0             0             0 
   371     0.0072297     -0.278844             0      0.286074             0             0             0             0             0             0 
   372     0.0471854      0.203241             0     -0.156056             0             0             0             0             0             0 
   373     0.0185012     -0.108038             0      0.126539             0             0             0             0             0             0 
   374    -0.0331982     -0.437748             0      0.404549             0             0             0             0             0             0 
   381    0.00156066    -0.0370132             0     0.0385739             0             0             0             0             0             0 
   382    -0.0113226    0.00136937             0    -0.0126919             0             0             0             0             0             0 
   383     -0.041555     0.0571471             0    -0.0987021             0             0             0             0             0             0 
   384   -0.00546108    -0.0206832             0     0.0152221             0             0             0             0             0             0 
   385     0.0144252     0.0195533             0   -0.00512818             0             0             0             0             0             0 
   386    -0.0313066    0.00662155             0    -0.0379281             0             0             0             0             0             0 
   387    -0.0110231   -0.00917489             0   -0.00184823             0             0             0             0             0             0 
   388     0.0241538     0.0347335             0    -0.0105797             0             0             0             0             0             0 
   389    -0.0363394    -0.0408148             0    0.00447541             0             0             0             0             0             0 
   390    -0.0105272     0.0579413             0    -0.0684685             0             0             0             0             0             0 
   391    -0.0152218    -0.0539398             0      0.038718             0             0             0             0             0             0 
   392    0.00416395      -0.17292             0      0.177084             0             0             0             0             0             0 
   393    -0.0332815     0.0690289             0      -0.10231             0             0             0             0             0             0 
   394    0.00843301    -0.0920102             0      0.100443             0             0             0             0             0             0 
   395     0.0744899     -0.192619             0      0.267109             0             0             0             0             0             0 
   402   0.000445059    -0.0203644             0     0.0208095             0             0             0             0             0             0 
   403    -0.0207367  -0.000460903             0    -0.0202758             0             0             0             0             0             0 
   404    -0.0331115     0.0203878             0    -0.0534993             0             0             0             0             0             0 
   405    0.00265187    -0.0049568             0    0.00760867             0             0             0             0             0             0 
   406    -0.0454076    -0.0242095             0    -0.0211981             0             0             0             0             0             0 
   407    -0.0667851    -0.0483341             0     -0.018451             0             0             0             0             0             0 
   408     0.0117372    0.00556761             0    0.00616955             0             0             0             0             0             0 
   409    -0.0668535    -0.0289752             0    -0.0378782             0             0             0             0             0             0 
   410    -0.0852126    -0.0704876             0     -0.014725             0             0             0             0             0             0 
   411   0.000315296     0.0386675             0    -0.0383522             0             0             0             0             0             0 
   412    -0.0752899    -0.0973963             0     0.0221064             0             0             0             0             0             0 
   413     0.0101508    -0.0916256             0      0.101776             0             0             0             0             0             0 
   414     -0.037485     0.0397905             0    -0.0772755             0             0             0             0             0             0 
   415     0.0235142    -0.0415287             0     0.0650429             0             0             0             0             0             0 
   416     0.0752296     -0.126945             0      0.202175             0             0             0             0             0             0 
