#varID         total       dxdbVol      dxdbSurf          dSdb          dndb    dxdbDirect          dVdb      distance       options          dvdb
   171     0.0388812     -0.175147             0      0.214028             0             0             0             0             0             0 
   172    -0.0805974     0.0284702             0     -0.109068             0             0             0             0             0             0 
   173     -0.478731       0.07258             0     -0.551311             0             0             0             0             0             0 
   174       0.13585     0.0767411             0     0.0591085             0             0             0             0             0             0 
   175     -0.124236     -0.123478             0  -0.000758082             0             0             0             0             0             0 
   176      0.142936      0.295743             0     -0.152807             0             0             0             0             0             0 
   177    -0.0785028     0.0800451             0     -0.158548             0             0             0             0             0             0 
   178    -0.0795137    -0.0461351             0    -0.0333786             0             0             0             0             0             0 
   179       0.73826      0.334507             0      0.403754             0             0             0             0             0             0 
   180     -0.249942    -0.0340043             0     -0.215938             0             0             0             0             0             0 
   181      0.370339      0.533339             0        -0.163             0             0             0             0             0             0 
   182     -0.305366     -0.862407             0      0.557041             0             0             0             0             0             0 
   183   -0.00443089     0.0791988             0    -0.0836297             0             0             0             0             0             0 
   184      0.403619      0.474712             0     -0.071093             0             0             0             0             0             0 
   185     -0.476373     -0.694266             0      0.217893             0             0             0             0             0             0 
   192      0.036421     -0.206941             0      0.243362             0             0             0             0             0             0 
   193      -0.15819     0.0317375             0     -0.189927             0             0             0             0             0             0 
   194     -0.318872      0.310032             0     -0.628905             0             0             0             0             0             0 
   195      0.162028     0.0850114             0     0.0770162             0             0             0             0             0             0 
   196     -0.247178     -0.264287             0     0.0171092             0             0             0             0             0             0 
   197      0.218355      0.417104             0     -0.198749             0             0             0             0             0             0 
   198   -0.00845503      0.129888             0     -0.138343             0             0             0             0             0             0 
   199     0.0775212     0.0161127             0     0.0614085             0             0             0             0             0             0 
   200      0.520143      0.165643             0        0.3545             0             0             0             0             0             0 
   201    -0.0112329      0.212092             0     -0.223325             0             0             0             0             0             0 
   202      0.298026      0.391891             0    -0.0938649             0             0             0             0             0             0 
   203     -0.214469     -0.791402             0      0.576933             0             0             0             0             0             0 
   204      0.131261       0.26764             0      -0.13638             0             0             0             0             0             0 
   205      0.232034      0.282434             0    -0.0503991             0             0             0             0             0             0 
   206     -0.337406     -0.691893             0      0.354487             0             0             0             0             0             0 
   213     0.0433834     -0.222453             0      0.265836             0             0             0             0             0             0 
   214      -0.11863     0.0107235             0     -0.129354             0             0             0             0             0             0 
   215     -0.235747      0.449696             0     -0.685443             0             0             0             0             0             0 
   216     0.0555929    -0.0177169             0     0.0733098             0             0             0             0             0             0 
   217   -0.00927772   -0.00951013             0   0.000232407             0             0             0             0             0             0 
   218      0.204102      0.392177             0     -0.188075             0             0             0             0             0             0 
   219    -0.0959521     0.0217103             0     -0.117662             0             0             0             0             0             0 
   220      0.281296      0.217602             0     0.0636938             0             0             0             0             0             0 
   221      0.372006     0.0731979             0      0.298808             0             0             0             0             0             0 
   222     0.0620545      0.300242             0     -0.238188             0             0             0             0             0             0 
   223     0.0893578     0.0351302             0     0.0542275             0             0             0             0             0             0 
   224     -0.108647     -0.721601             0      0.612954             0             0             0             0             0             0 
   225      0.109549      0.289864             0     -0.180314             0             0             0             0             0             0 
   226    -0.0144297     -0.121807             0      0.107377             0             0             0             0             0             0 
   227     -0.117353     -0.586136             0      0.468783             0             0             0             0             0             0 
   234     0.0231754     -0.164258             0      0.187433             0             0             0             0             0             0 
   235    -0.0195649     0.0643936             0    -0.0839585             0             0             0             0             0             0 
   236     -0.169905      0.312796             0     -0.482701             0             0             0             0             0             0 
   237     0.0331574     -0.015939             0     0.0490964             0             0             0             0             0             0 
   238    -0.0395405     0.0375198             0    -0.0770602             0             0             0             0             0             0 
   239    -0.0131141      0.113451             0     -0.126565             0             0             0             0             0             0 
   240   -0.00113548     0.0575828             0    -0.0587183             0             0             0             0             0             0 
   241    -0.0212182      0.037703             0    -0.0589212             0             0             0             0             0             0 
   242     0.0539652    -0.0929646             0       0.14693             0             0             0             0             0             0 
   243     0.0110089      0.178373             0     -0.167364             0             0             0             0             0             0 
   244    0.00356797    -0.0622994             0     0.0658673             0             0             0             0             0             0 
   245    -0.0664569     -0.499445             0      0.432988             0             0             0             0             0             0 
   246    -0.0446042      0.121463             0     -0.166067             0             0             0             0             0             0 
   247    -0.0151522     -0.145138             0      0.129986             0             0             0             0             0             0 
   248     0.0899898     -0.343893             0      0.433883             0             0             0             0             0             0 
   255     0.0168282    -0.0893692             0      0.106197             0             0             0             0             0             0 
   256     -0.075084     0.0721579             0     -0.147242             0             0             0             0             0             0 
   257    -0.0831902      0.192739             0      -0.27593             0             0             0             0             0             0 
   258     0.0552259      0.011947             0     0.0432788             0             0             0             0             0             0 
   259     -0.300254     -0.161388             0     -0.138866             0             0             0             0             0             0 
   260     -0.104439    0.00687605             0     -0.111315             0             0             0             0             0             0 
   261     0.0930074     0.0904519             0    0.00255548             0             0             0             0             0             0 
   262      -0.37261     -0.230935             0     -0.141675             0             0             0             0             0             0 
   263    -0.0630116    -0.0562999             0   -0.00671161             0             0             0             0             0             0 
   264     0.0293251      0.134184             0     -0.104859             0             0             0             0             0             0 
   265     -0.101685     -0.179643             0     0.0779584             0             0             0             0             0             0 
   266     0.0135749     -0.264345             0      0.277919             0             0             0             0             0             0 
   267     -0.172253    -0.0188866             0     -0.153367             0             0             0             0             0             0 
   268      0.173688   -0.00982245             0      0.183511             0             0             0             0             0             0 
   269     0.0893814     -0.313694             0      0.403076             0             0             0             0             0             0 
   318    0.00189268    -0.0292819             0     0.0311745             0             0             0             0             0             0 
   319    -0.0608208     0.0182179             0    -0.0790387             0             0             0             0             0             0 
   320    -0.0601895     0.0210438             0    -0.0812333             0             0             0             0             0             0 
   321      0.031072     0.0228791             0    0.00819284             0             0             0             0             0             0 
   322     -0.104982     -0.115487             0     0.0105047             0             0             0             0             0             0 
   323    -0.0056853     0.0151704             0    -0.0208557             0             0             0             0             0             0 
   324    -0.0177016    0.00542101             0    -0.0231226             0             0             0             0             0             0 
   325    -0.0281146     -0.031745             0    0.00363044             0             0             0             0             0             0 
   326     0.0861602      0.026825             0     0.0593352             0             0             0             0             0             0 
   327     -0.083599    -0.0156974             0    -0.0679016             0             0             0             0             0             0 
   328      0.223388      0.304713             0    -0.0813246             0             0             0             0             0             0 
   329     -0.155605      -0.33083             0      0.175225             0             0             0             0             0             0 
   330     0.0100718     0.0609732             0    -0.0509014             0             0             0             0             0             0 
   331      0.220045      0.272716             0    -0.0526707             0             0             0             0             0             0 
   332     -0.219002     -0.350872             0      0.131869             0             0             0             0             0             0 
   339     0.0111568    -0.0259876             0     0.0371444             0             0             0             0             0             0 
   340     -0.160006    -0.0161755             0     -0.143831             0             0             0             0             0             0 
   341    -0.0440313     0.0543287             0      -0.09836             0             0             0             0             0             0 
   342     0.0727278     0.0665003             0    0.00622755             0             0             0             0             0             0 
   343     -0.234435     -0.303545             0     0.0691102             0             0             0             0             0             0 
   344     0.0492504     0.0637411             0    -0.0144907             0             0             0             0             0             0 
   345    -0.0251415   -0.00641029             0    -0.0187312             0             0             0             0             0             0 
   346      0.101866    -0.0285849             0      0.130451             0             0             0             0             0             0 
   347      0.094673     0.0436017             0     0.0510714             0             0             0             0             0             0 
   348     0.0318778      0.123664             0    -0.0917866             0             0             0             0             0             0 
   349       0.19156      0.237829             0    -0.0462688             0             0             0             0             0             0 
   350     -0.144716     -0.382076             0       0.23736             0             0             0             0             0             0 
   351      0.132539      0.253681             0     -0.121141             0             0             0             0             0             0 
   352      0.132667      0.179693             0    -0.0470264             0             0             0             0             0             0 
   353     -0.223052     -0.536488             0      0.313436             0             0             0             0             0             0 
   360      0.020401    -0.0280638             0     0.0484649             0             0             0             0             0             0 
   361     -0.140045    -0.0712789             0    -0.0687657             0             0             0             0             0             0 
   362    -0.0292038     0.0966988             0     -0.125903             0             0             0             0             0             0 
   363    -0.0160133    -0.0288891             0     0.0128758             0             0             0             0             0             0 
   364    -0.0011253    -0.0900307             0     0.0889054             0             0             0             0             0             0 
   365      0.069544     0.0995158             0    -0.0299718             0             0             0             0             0             0 
   366      -0.14486     -0.134143             0    -0.0107174             0             0             0             0             0             0 
   367      0.345178      0.204267             0      0.140911             0             0             0             0             0             0 
   368     0.0562318     0.0268771             0     0.0293547             0             0             0             0             0             0 
   369     0.0413479      0.140075             0    -0.0987275             0             0             0             0             0             0 
   370     0.0840246     0.0256689             0     0.0583558             0             0             0             0             0             0 
   371    -0.0724577     -0.326448             0      0.253991             0             0             0             0             0             0 
   372     0.0765653      0.225521             0     -0.148956             0             0             0             0             0             0 
   373   -0.00254475     -0.117461             0      0.114917             0             0             0             0             0             0 
   374    -0.0441637     -0.430531             0      0.386368             0             0             0             0             0             0 
   381    0.00570755    -0.0328017             0     0.0385092             0             0             0             0             0             0 
   382    -0.0189916   -0.00289204             0    -0.0160996             0             0             0             0             0             0 
   383    -0.0406522     0.0579178             0    -0.0985699             0             0             0             0             0             0 
   384    -0.0100846    -0.0213425             0     0.0112579             0             0             0             0             0             0 
   385     0.0151914     0.0173137             0   -0.00212239             0             0             0             0             0             0 
   386    -0.0337648   -0.00592543             0    -0.0278394             0             0             0             0             0             0 
   387    -0.0207174    -0.0186051             0   -0.00211233             0             0             0             0             0             0 
   388     0.0332105     0.0390128             0   -0.00580232             0             0             0             0             0             0 
   389     -0.039639    -0.0448007             0     0.0051617             0             0             0             0             0             0 
   390    0.00649671     0.0693075             0    -0.0628108             0             0             0             0             0             0 
   391   -0.00345537    -0.0410881             0     0.0376327             0             0             0             0             0             0 
   392    -0.0150835     -0.177583             0        0.1625             0             0             0             0             0             0 
   393    -0.0303822     0.0672884             0    -0.0976706             0             0             0             0             0             0 
   394    0.00100409    -0.0915966             0     0.0926007             0             0             0             0             0             0 
   395      0.119571     -0.135529             0      0.255101             0             0             0             0             0             0 
   402    0.00200013    -0.0186126             0     0.0206127             0             0             0             0             0             0 
   403    -0.0243531   -0.00110462             0    -0.0232485             0             0             0             0             0             0 
   404    -0.0359926     0.0169958             0    -0.0529884             0             0             0             0             0             0 
   405     0.0069452   8.72997e-06             0    0.00693647             0             0             0             0             0             0 
   406     -0.063952    -0.0399224             0    -0.0240296             0             0             0             0             0             0 
   407    -0.0896865    -0.0729064             0    -0.0167801             0             0             0             0             0             0 
   408     0.0154668    0.00946344             0    0.00600338             0             0             0             0             0             0 
   409    -0.0721488    -0.0375401             0    -0.0346088             0             0             0             0             0             0 
   410    -0.0931199    -0.0787652             0    -0.0143547             0             0             0             0             0             0 
   411     0.0040566     0.0414522             0    -0.0373956             0             0             0             0             0             0 
   412   -0.00945126    -0.0344641             0     0.0250128             0             0             0             0             0             0 
   413     0.0337231    -0.0654271             0     0.0991502             0             0             0             0             0             0 
   414     -0.051029     0.0230759             0     -0.074105             0             0             0             0             0             0 
   415     0.0648878   0.000970643             0     0.0639172             0             0             0             0             0             0 
   416      0.171456    -0.0224985             0      0.193955             0             0             0             0             0             0 
