#varID         total       dxdbVol      dxdbSurf          dSdb          dndb    dxdbDirect          dVdb      distance       options          dvdb
   171    -0.0959554     -0.202674             0      0.106718             0             0             0             0             0             0 
   172     -0.130455    -0.0949208             0    -0.0355338             0             0             0             0             0             0 
   173     -0.229448     -0.176502             0    -0.0529467             0             0             0             0             0             0 
   174     -0.188874     -0.194987             0    0.00611312             0             0             0             0             0             0 
   175    -0.0365911    -0.0115686             0    -0.0250225             0             0             0             0             0             0 
   176      0.349646      0.353266             0   -0.00362016             0             0             0             0             0             0 
   177     -0.180295     -0.117486             0    -0.0628091             0             0             0             0             0             0 
   178     -0.138061     -0.137313             0  -0.000747774             0             0             0             0             0             0 
   179       0.66034      0.629233             0     0.0311071             0             0             0             0             0             0 
   180     0.0729765      0.171328             0    -0.0983517             0             0             0             0             0             0 
   181      0.337931      0.324786             0     0.0131452             0             0             0             0             0             0 
   182     -0.425689     -0.474619             0     0.0489299             0             0             0             0             0             0 
   183    -0.0646475    -0.0105747             0    -0.0540729             0             0             0             0             0             0 
   184      0.952188      0.940978             0     0.0112105             0             0             0             0             0             0 
   185    -0.0842793     -0.111481             0     0.0272012             0             0             0             0             0             0 
   192     -0.230238     -0.361826             0      0.131588             0             0             0             0             0             0 
   193     0.0427543      0.109709             0    -0.0669543             0             0             0             0             0             0 
   194      0.209802      0.275302             0    -0.0655004             0             0             0             0             0             0 
   195     -0.553313     -0.555149             0    0.00183652             0             0             0             0             0             0 
   196       0.23812      0.256761             0    -0.0186409             0             0             0             0             0             0 
   197      0.341704      0.343341             0   -0.00163676             0             0             0             0             0             0 
   198      0.037934     0.0749628             0    -0.0370287             0             0             0             0             0             0 
   199      0.168294      0.143973             0     0.0243216             0             0             0             0             0             0 
   200     -0.261946      -0.28019             0      0.018244             0             0             0             0             0             0 
   201       1.24576       1.32132             0    -0.0755562             0             0             0             0             0             0 
   202      0.158421      0.146381             0     0.0120402             0             0             0             0             0             0 
   203      -1.18805       -1.2254             0     0.0373547             0             0             0             0             0             0 
   204      0.881299      0.958935             0    -0.0776363             0             0             0             0             0             0 
   205      0.120813      0.107704             0      0.013109             0             0             0             0             0             0 
   206       0.70013      0.661229             0     0.0389013             0             0             0             0             0             0 
   213     -0.164853     -0.334621             0      0.169768             0             0             0             0             0             0 
   214      0.348601      0.410046             0    -0.0614447             0             0             0             0             0             0 
   215      0.570073      0.654613             0    -0.0845401             0             0             0             0             0             0 
   216     -0.162282      -0.13529             0     -0.026992             0             0             0             0             0             0 
   217     -0.411236      -0.40199             0   -0.00924644             0             0             0             0             0             0 
   218     0.0316479     0.0188253             0     0.0128226             0             0             0             0             0             0 
   219      0.473305      0.543933             0    -0.0706282             0             0             0             0             0             0 
   220     -0.596659     -0.610943             0     0.0142847             0             0             0             0             0             0 
   221     -0.706131     -0.741465             0     0.0353336             0             0             0             0             0             0 
   222       0.65734      0.725619             0    -0.0682784             0             0             0             0             0             0 
   223      0.059105     0.0501805             0    0.00892451             0             0             0             0             0             0 
   224     -0.709832     -0.743288             0      0.033456             0             0             0             0             0             0 
   225     -0.186392     -0.096882             0    -0.0895104             0             0             0             0             0             0 
   226      0.622844      0.600523             0     0.0223208             0             0             0             0             0             0 
   227      0.888269       0.84403             0     0.0442388             0             0             0             0             0             0 
   234    -0.0478308     -0.179254             0      0.131424             0             0             0             0             0             0 
   235     0.0464737      0.103034             0    -0.0565606             0             0             0             0             0             0 
   236      0.231877       0.29704             0    -0.0651632             0             0             0             0             0             0 
   237      0.063144     0.0934445             0    -0.0303006             0             0             0             0             0             0 
   238     -0.174407     -0.135434             0    -0.0389729             0             0             0             0             0             0 
   239     -0.208667     -0.223692             0     0.0150256             0             0             0             0             0             0 
   240      0.165577      0.221831             0    -0.0562533             0             0             0             0             0             0 
   241     -0.139564     -0.124731             0    -0.0148329             0             0             0             0             0             0 
   242     -0.240942     -0.269759             0     0.0288168             0             0             0             0             0             0 
   243     -0.145323     -0.111468             0    -0.0338543             0             0             0             0             0             0 
   244    -0.0473413    -0.0697548             0     0.0224135             0             0             0             0             0             0 
   245      0.202002      0.185297             0      0.016705             0             0             0             0             0             0 
   246     -0.809674     -0.710967             0    -0.0987074             0             0             0             0             0             0 
   247      0.748758      0.723441             0     0.0253171             0             0             0             0             0             0 
   248      0.881475      0.832812             0     0.0486625             0             0             0             0             0             0 
   255   -0.00768683    -0.0852504             0     0.0775636             0             0             0             0             0             0 
   256      0.124527       0.20715             0    -0.0826238             0             0             0             0             0             0 
   257   -0.00751352     0.0306912             0    -0.0382047             0             0             0             0             0             0 
   258    -0.0018952    0.00389695             0   -0.00579215             0             0             0             0             0             0 
   259       0.20875      0.273713             0    -0.0649632             0             0             0             0             0             0 
   260    0.00994801    0.00676414             0    0.00318387             0             0             0             0             0             0 
   261     0.0790763     0.0868481             0   -0.00777181             0             0             0             0             0             0 
   262     0.0826986      0.123879             0    -0.0411802             0             0             0             0             0             0 
   263      0.355447      0.350797             0    0.00465033             0             0             0             0             0             0 
   264    -0.0581456     -0.035857             0    -0.0222886             0             0             0             0             0             0 
   265     -0.480578     -0.469193             0    -0.0113855             0             0             0             0             0             0 
   266      0.543799      0.532834             0      0.010965             0             0             0             0             0             0 
   267      -0.20316    -0.0870084             0     -0.116151             0             0             0             0             0             0 
   268     0.0637268     0.0635511             0   0.000175747             0             0             0             0             0             0 
   269      0.542279      0.484916             0     0.0573634             0             0             0             0             0             0 
   318    -0.0828031    -0.0941268             0     0.0113237             0             0             0             0             0             0 
   319     -0.314693     -0.303776             0    -0.0109173             0             0             0             0             0             0 
   320     0.0500098     0.0555422             0    -0.0055324             0             0             0             0             0             0 
   321    -0.0401485    -0.0358531             0   -0.00429534             0             0             0             0             0             0 
   322     -0.451234     -0.469336             0      0.018102             0             0             0             0             0             0 
   323      0.518804      0.516615             0    0.00218823             0             0             0             0             0             0 
   324    -0.0486183    -0.0373517             0    -0.0112666             0             0             0             0             0             0 
   325    -0.0649255    -0.0828883             0     0.0179628             0             0             0             0             0             0 
   326      0.363875       0.35814             0    0.00573493             0             0             0             0             0             0 
   327     0.0268729     0.0652872             0    -0.0384143             0             0             0             0             0             0 
   328      0.124509      0.110634             0     0.0138744             0             0             0             0             0             0 
   329      0.284533      0.265177             0     0.0193563             0             0             0             0             0             0 
   330     0.0182441     0.0535395             0    -0.0352954             0             0             0             0             0             0 
   331      0.144301       0.13464             0    0.00966101             0             0             0             0             0             0 
   332      0.775647      0.757768             0     0.0178791             0             0             0             0             0             0 
   339     -0.110845     -0.121423             0     0.0105774             0             0             0             0             0             0 
   340        -0.519     -0.505934             0    -0.0130655             0             0             0             0             0             0 
   341      0.256502      0.261631             0   -0.00512921             0             0             0             0             0             0 
   342     0.0457209      0.069593             0    -0.0238721             0             0             0             0             0             0 
   343      -0.96649      -1.04535             0     0.0788558             0             0             0             0             0             0 
   344       1.59959       1.58745             0     0.0121441             0             0             0             0             0             0 
   345      0.283064      0.295756             0    -0.0126918             0             0             0             0             0             0 
   346    -0.0883106      -0.16562             0     0.0773097             0             0             0             0             0             0 
   347      0.930758      0.924138             0    0.00662005             0             0             0             0             0             0 
   348      0.943125      0.984659             0    -0.0415343             0             0             0             0             0             0 
   349     -0.208579     -0.223988             0     0.0154094             0             0             0             0             0             0 
   350      0.090365     0.0695054             0     0.0208596             0             0             0             0             0             0 
   351       1.03645       1.10395             0    -0.0675015             0             0             0             0             0             0 
   352     -0.925566     -0.937147             0     0.0115812             0             0             0             0             0             0 
   353       2.00656       1.97243             0     0.0341223             0             0             0             0             0             0 
   360   -0.00262182    -0.0277914             0     0.0251696             0             0             0             0             0             0 
   361     -0.244344     -0.244104             0  -0.000239861             0             0             0             0             0             0 
   362      0.329984      0.342367             0    -0.0123835             0             0             0             0             0             0 
   363       0.20674      0.224018             0    -0.0172775             0             0             0             0             0             0 
   364      -1.09832      -1.17194             0      0.073624             0             0             0             0             0             0 
   365       1.21659       1.20779             0    0.00879779             0             0             0             0             0             0 
   366      0.330498      0.346238             0    -0.0157391             0             0             0             0             0             0 
   367     -0.414963      -0.47722             0     0.0622566             0             0             0             0             0             0 
   368      0.764891      0.756769             0    0.00812271             0             0             0             0             0             0 
   369      0.351683      0.388206             0    -0.0365227             0             0             0             0             0             0 
   370      0.172202      0.161178             0     0.0110236             0             0             0             0             0             0 
   371    -0.0154895    -0.0336114             0     0.0181219             0             0             0             0             0             0 
   372     -0.634965     -0.563053             0    -0.0719128             0             0             0             0             0             0 
   373      0.656403      0.639764             0     0.0166391             0             0             0             0             0             0 
   374       1.45505       1.41905             0     0.0360017             0             0             0             0             0             0 
   381    0.00802574    -0.0203476             0     0.0283734             0             0             0             0             0             0 
   382    -0.0255455    -0.0151903             0    -0.0103553             0             0             0             0             0             0 
   383     0.0584856     0.0724277             0    -0.0139421             0             0             0             0             0             0 
   384     0.0977246      0.103692             0   -0.00596742             0             0             0             0             0             0 
   385     -0.256849     -0.254685             0   -0.00216336             0             0             0             0             0             0 
   386      0.100381     0.0972681             0    0.00311271             0             0             0             0             0             0 
   387     0.0783909      0.086079             0   -0.00768811             0             0             0             0             0             0 
   388      -0.16653     -0.160952             0   -0.00557808             0             0             0             0             0             0 
   389       0.10608      0.101852             0    0.00422722             0             0             0             0             0             0 
   390     -0.269749      -0.25345             0    -0.0162986             0             0             0             0             0             0 
   391     0.0958037     0.0880259             0    0.00777777             0             0             0             0             0             0 
   392      0.239725      0.231577             0    0.00814782             0             0             0             0             0             0 
   393      -1.34936      -1.28674             0    -0.0626207             0             0             0             0             0             0 
   394       1.07069       1.05743             0     0.0132591             0             0             0             0             0             0 
   395       0.85044      0.819405             0     0.0310353             0             0             0             0             0             0 
   402  -0.000391184    -0.0164382             0     0.0160471             0             0             0             0             0             0 
   403     0.0747247     0.0926834             0    -0.0179587             0             0             0             0             0             0 
   404    -0.0115006    -0.0037519             0   -0.00774867             0             0             0             0             0             0 
   405   -0.00057068    0.00280041             0   -0.00337109             0             0             0             0             0             0 
   406       0.12286      0.138439             0    -0.0155788             0             0             0             0             0             0 
   407     0.0273127     0.0254028             0    0.00190991             0             0             0             0             0             0 
   408     0.0221151     0.0207391             0    0.00137601             0             0             0             0             0             0 
   409      0.027797     0.0411636             0    -0.0133665             0             0             0             0             0             0 
   410      0.183635      0.183904             0  -0.000269519             0             0             0             0             0             0 
   411    -0.0721702    -0.0614233             0    -0.0107469             0             0             0             0             0             0 
   412     -0.286539     -0.286122             0  -0.000417245             0             0             0             0             0             0 
   413      0.147726       0.14233             0    0.00539598             0             0             0             0             0             0 
   414     -0.169465     -0.108617             0    -0.0608488             0             0             0             0             0             0 
   415     0.0255691     0.0271637             0   -0.00159463             0             0             0             0             0             0 
   416      0.213447      0.183308             0      0.030139             0             0             0             0             0             0 
