#varID         total       dxdbVol      dxdbSurf          dSdb          dndb    dxdbDirect          dVdb      distance       options          dvdb
   171    -0.0773894     -0.184312             0      0.106922             0             0             0             0             0             0 
   172     -0.113873    -0.0780227             0    -0.0358506             0             0             0             0             0             0 
   173     -0.226578     -0.173529             0    -0.0530492             0             0             0             0             0             0 
   174     -0.177549     -0.182939             0    0.00539045             0             0             0             0             0             0 
   175    0.00553487     0.0304626             0    -0.0249277             0             0             0             0             0             0 
   176      0.279525      0.282782             0   -0.00325654             0             0             0             0             0             0 
   177     -0.138101    -0.0772688             0    -0.0608318             0             0             0             0             0             0 
   178     -0.104817     -0.105775             0   0.000957972             0             0             0             0             0             0 
   179      0.524528      0.494406             0     0.0301212             0             0             0             0             0             0 
   180      0.145953      0.245337             0    -0.0993848             0             0             0             0             0             0 
   181       0.23023       0.21508             0     0.0151501             0             0             0             0             0             0 
   182     -0.371146     -0.420569             0     0.0494231             0             0             0             0             0             0 
   183    -0.0349945     0.0208118             0    -0.0558063             0             0             0             0             0             0 
   184      0.765212      0.753581             0     0.0116304             0             0             0             0             0             0 
   185     0.0352121    0.00714351             0     0.0280686             0             0             0             0             0             0 
   192     -0.191435     -0.323566             0      0.132131             0             0             0             0             0             0 
   193     0.0676147      0.134917             0     -0.067302             0             0             0             0             0             0 
   194      0.211398      0.277167             0    -0.0657691             0             0             0             0             0             0 
   195     -0.533027      -0.53501             0    0.00198296             0             0             0             0             0             0 
   196      0.297781      0.315269             0    -0.0174886             0             0             0             0             0             0 
   197      0.279643      0.281348             0   -0.00170455             0             0             0             0             0             0 
   198     0.0664051     0.0995522             0    -0.0331471             0             0             0             0             0             0 
   199      0.123498     0.0962691             0     0.0272286             0             0             0             0             0             0 
   200      -0.30971     -0.325999             0     0.0162888             0             0             0             0             0             0 
   201       1.22399       1.30183             0    -0.0778446             0             0             0             0             0             0 
   202     0.0354505     0.0215278             0     0.0139228             0             0             0             0             0             0 
   203      -1.05425       -1.0927             0     0.0384437             0             0             0             0             0             0 
   204      0.792741      0.874197             0    -0.0814567             0             0             0             0             0             0 
   205   -0.00920952    -0.0224414             0     0.0132319             0             0             0             0             0             0 
   206      0.802454      0.761635             0     0.0408189             0             0             0             0             0             0 
   213     -0.146779     -0.317345             0      0.170566             0             0             0             0             0             0 
   214      0.351815      0.413064             0    -0.0612493             0             0             0             0             0             0 
   215      0.574321      0.659252             0    -0.0849306             0             0             0             0             0             0 
   216      -0.14837      -0.12315             0    -0.0252197             0             0             0             0             0             0 
   217     -0.367621     -0.359082             0   -0.00853947             0             0             0             0             0             0 
   218     0.0380602     0.0261159             0     0.0119443             0             0             0             0             0             0 
   219      0.478899      0.544913             0    -0.0660135             0             0             0             0             0             0 
   220     -0.654027     -0.668704             0     0.0146764             0             0             0             0             0             0 
   221     -0.630477     -0.663484             0      0.033007             0             0             0             0             0             0 
   222      0.592682      0.665324             0    -0.0726426             0             0             0             0             0             0 
   223    0.00925158    0.00139714             0    0.00785444             0             0             0             0             0             0 
   224     -0.586773     -0.622364             0      0.035591             0             0             0             0             0             0 
   225     -0.229169      -0.13459             0    -0.0945793             0             0             0             0             0             0 
   226      0.542725      0.521298             0     0.0214273             0             0             0             0             0             0 
   227      0.796662      0.749861             0     0.0468009             0             0             0             0             0             0 
   234    -0.0429883     -0.175456             0      0.132468             0             0             0             0             0             0 
   235     0.0378863     0.0942392             0    -0.0563529             0             0             0             0             0             0 
   236        0.2667      0.332379             0    -0.0656786             0             0             0             0             0             0 
   237     0.0577451     0.0863179             0    -0.0285728             0             0             0             0             0             0 
   238     -0.171043      -0.13224             0    -0.0388022             0             0             0             0             0             0 
   239     -0.163794     -0.177958             0     0.0141637             0             0             0             0             0             0 
   240      0.149954      0.204388             0    -0.0544341             0             0             0             0             0             0 
   241     -0.137722     -0.121209             0    -0.0165123             0             0             0             0             0             0 
   242     -0.193723     -0.221628             0     0.0279053             0             0             0             0             0             0 
   243     -0.158888     -0.121225             0    -0.0376632             0             0             0             0             0             0 
   244    -0.0408784    -0.0611551             0     0.0202767             0             0             0             0             0             0 
   245      0.253383      0.234784             0     0.0185991             0             0             0             0             0             0 
   246     -0.747188     -0.645577             0     -0.101611             0             0             0             0             0             0 
   247      0.671834      0.646872             0     0.0249627             0             0             0             0             0             0 
   248      0.651981      0.601844             0     0.0501371             0             0             0             0             0             0 
   255   -0.00399202    -0.0825253             0     0.0785333             0             0             0             0             0             0 
   256     0.0993759       0.18252             0    -0.0831443             0             0             0             0             0             0 
   257     0.0165213     0.0552069             0    -0.0386856             0             0             0             0             0             0 
   258    0.00062794    0.00555681             0   -0.00492887             0             0             0             0             0             0 
   259      0.177624      0.243487             0     -0.065863             0             0             0             0             0             0 
   260     0.0206893     0.0179344             0     0.0027549             0             0             0             0             0             0 
   261      0.073899      0.081218             0   -0.00731904             0             0             0             0             0             0 
   262      0.077089       0.12029             0    -0.0432014             0             0             0             0             0             0 
   263      0.337047      0.332615             0    0.00443182             0             0             0             0             0             0 
   264    -0.0616692    -0.0374385             0    -0.0242307             0             0             0             0             0             0 
   265     -0.444835     -0.432881             0    -0.0119545             0             0             0             0             0             0 
   266      0.545828      0.533888             0     0.0119397             0             0             0             0             0             0 
   267     -0.192878    -0.0752789             0     -0.117599             0             0             0             0             0             0 
   268     0.0478649     0.0465956             0    0.00126927             0             0             0             0             0             0 
   269      0.389109      0.331013             0     0.0580966             0             0             0             0             0             0 
   318    -0.0645787    -0.0761819             0     0.0116032             0             0             0             0             0             0 
   319     -0.276999     -0.266041             0    -0.0109572             0             0             0             0             0             0 
   320     0.0406215     0.0462947             0   -0.00567319             0             0             0             0             0             0 
   321    -0.0463826    -0.0420726             0   -0.00430999             0             0             0             0             0             0 
   322     -0.368393     -0.386831             0     0.0184372             0             0             0             0             0             0 
   323      0.455164      0.452969             0    0.00219451             0             0             0             0             0             0 
   324    -0.0482804    -0.0374173             0    -0.0108631             0             0             0             0             0             0 
   325    -0.0311832    -0.0497623             0     0.0185791             0             0             0             0             0             0 
   326      0.302894      0.297362             0    0.00553238             0             0             0             0             0             0 
   327     0.0582686     0.0973944             0    -0.0391258             0             0             0             0             0             0 
   328     0.0508005     0.0362847             0     0.0145158             0             0             0             0             0             0 
   329      0.314896      0.295189             0     0.0197067             0             0             0             0             0             0 
   330     0.0249275     0.0611286             0    -0.0362011             0             0             0             0             0             0 
   331     0.0403557     0.0305256             0    0.00983014             0             0             0             0             0             0 
   332       0.83153      0.813195             0     0.0183351             0             0             0             0             0             0 
   339    -0.0882696    -0.0995054             0     0.0112359             0             0             0             0             0             0 
   340     -0.412793     -0.399556             0    -0.0132366             0             0             0             0             0             0 
   341      0.227511       0.23297             0   -0.00545997             0             0             0             0             0             0 
   342   -0.00308271     0.0205244             0    -0.0236071             0             0             0             0             0             0 
   343     -0.768241     -0.847691             0     0.0794503             0             0             0             0             0             0 
   344       1.42016       1.40815             0     0.0120112             0             0             0             0             0             0 
   345      0.257013      0.268781             0    -0.0117675             0             0             0             0             0             0 
   346    -0.0929202      -0.17107             0     0.0781496             0             0             0             0             0             0 
   347      0.798767      0.792614             0     0.0061529             0             0             0             0             0             0 
   348      0.892081       0.93534             0    -0.0432584             0             0             0             0             0             0 
   349     -0.280543     -0.296476             0     0.0159332             0             0             0             0             0             0 
   350      0.166632      0.144925             0     0.0217069             0             0             0             0             0             0 
   351      0.898902      0.968938             0     -0.070036             0             0             0             0             0             0 
   352      -0.95703     -0.968599             0     0.0115689             0             0             0             0             0             0 
   353       2.03771        2.0023             0     0.0354046             0             0             0             0             0             0 
   360   -0.00714006    -0.0329694             0     0.0258294             0             0             0             0             0             0 
   361     -0.139551     -0.139085             0  -0.000466149             0             0             0             0             0             0 
   362      0.289423      0.302135             0     -0.012712             0             0             0             0             0             0 
   363      0.186589      0.203355             0    -0.0167658             0             0             0             0             0             0 
   364     -0.958937      -1.03225             0     0.0733122             0             0             0             0             0             0 
   365       1.05942       1.05088             0    0.00854535             0             0             0             0             0             0 
   366      0.372162      0.386683             0    -0.0145203             0             0             0             0             0             0 
   367     -0.505755     -0.567807             0     0.0620521             0             0             0             0             0             0 
   368      0.685859       0.67835             0    0.00750923             0             0             0             0             0             0 
   369      0.306838      0.345896             0    -0.0390577             0             0             0             0             0             0 
   370      0.105624     0.0951093             0     0.0105149             0             0             0             0             0             0 
   371     0.0317592     0.0123773             0     0.0193818             0             0             0             0             0             0 
   372     -0.714942     -0.639709             0    -0.0752328             0             0             0             0             0             0 
   373      0.612227      0.595954             0     0.0162729             0             0             0             0             0             0 
   374       1.32285       1.28515             0     0.0376955             0             0             0             0             0             0 
   381    0.00609663    -0.0225753             0     0.0286719             0             0             0             0             0             0 
   382    -0.0181276   -0.00776754             0    -0.0103601             0             0             0             0             0             0 
   383     0.0599063     0.0739959             0    -0.0140896             0             0             0             0             0             0 
   384     0.0947007      0.100291             0   -0.00559032             0             0             0             0             0             0 
   385     -0.244937     -0.242665             0   -0.00227265             0             0             0             0             0             0 
   386     0.0840194     0.0810939             0    0.00292544             0             0             0             0             0             0 
   387     0.0814261     0.0886039             0   -0.00717787             0             0             0             0             0             0 
   388     -0.173591     -0.167387             0   -0.00620428             0             0             0             0             0             0 
   389      0.097256     0.0932834             0    0.00397261             0             0             0             0             0             0 
   390     -0.259304     -0.241341             0    -0.0179626             0             0             0             0             0             0 
   391     0.0819863     0.0750051             0    0.00698112             0             0             0             0             0             0 
   392      0.228293      0.219312             0    0.00898103             0             0             0             0             0             0 
   393      -1.25093      -1.18684             0    -0.0640894             0             0             0             0             0             0 
   394      0.971052      0.957899             0     0.0131531             0             0             0             0             0             0 
   395      0.625399      0.593611             0     0.0317882             0             0             0             0             0             0 
   402   7.42095e-05     -0.016171             0     0.0162452             0             0             0             0             0             0 
   403     0.0596717     0.0777281             0    -0.0180564             0             0             0             0             0             0 
   404   -0.00745059   0.000396267             0   -0.00784686             0             0             0             0             0             0 
   405   0.000158132    0.00340717             0   -0.00324904             0             0             0             0             0             0 
   406       0.10263      0.118429             0    -0.0157991             0             0             0             0             0             0 
   407     0.0178393     0.0159894             0    0.00184987             0             0             0             0             0             0 
   408     0.0200696     0.0185862             0    0.00148347             0             0             0             0             0             0 
   409     0.0267995     0.0406832             0    -0.0138837             0             0             0             0             0             0 
   410      0.153255      0.153576             0  -0.000320744             0             0             0             0             0             0 
   411    -0.0716427    -0.0602077             0     -0.011435             0             0             0             0             0             0 
   412      -0.25276     -0.252282             0   -0.00047854             0             0             0             0             0             0 
   413      0.130681      0.124939             0    0.00574198             0             0             0             0             0             0 
   414     -0.155308    -0.0939408             0    -0.0613668             0             0             0             0             0             0 
   415     0.0213202     0.0223936             0   -0.00107337             0             0             0             0             0             0 
   416      0.101114     0.0707117             0     0.0304026             0             0             0             0             0             0 
