#varID         total       dxdbVol      dxdbSurf          dSdb          dndb    dxdbDirect          dVdb      distance       options          dvdb
   171    -0.0804043     -0.187261             0      0.106856             0             0             0             0             0             0 
   172     -0.115855    -0.0800444             0     -0.035811             0             0             0             0             0             0 
   173     -0.227625     -0.174609             0    -0.0530162             0             0             0             0             0             0 
   174     -0.179285     -0.184786             0    0.00550101             0             0             0             0             0             0 
   175  -0.000336527     0.0246208             0    -0.0249573             0             0             0             0             0             0 
   176      0.289771      0.293083             0   -0.00331212             0             0             0             0             0             0 
   177     -0.143498    -0.0823661             0    -0.0611318             0             0             0             0             0             0 
   178     -0.110098     -0.110774             0   0.000675667             0             0             0             0             0             0 
   179      0.544095      0.513824             0     0.0302711             0             0             0             0             0             0 
   180      0.136122      0.235302             0    -0.0991808             0             0             0             0             0             0 
   181      0.245313      0.230484             0     0.0148291             0             0             0             0             0             0 
   182     -0.378947     -0.428272             0     0.0493249             0             0             0             0             0             0 
   183    -0.0396991     0.0158147             0    -0.0555138             0             0             0             0             0             0 
   184      0.792437      0.780872             0     0.0115653             0             0             0             0             0             0 
   185      0.019604   -0.00831811             0     0.0279221             0             0             0             0             0             0 
   192     -0.197524     -0.329539             0      0.132016             0             0             0             0             0             0 
   193     0.0639323      0.131198             0    -0.0672655             0             0             0             0             0             0 
   194      0.210822      0.276534             0    -0.0657118             0             0             0             0             0             0 
   195     -0.535598     -0.537549             0    0.00195122             0             0             0             0             0             0 
   196      0.289093      0.306763             0    -0.0176699             0             0             0             0             0             0 
   197      0.289104      0.290793             0   -0.00168947             0             0             0             0             0             0 
   198     0.0634057     0.0971533             0    -0.0337476             0             0             0             0             0             0 
   199      0.130609      0.103813             0     0.0267958             0             0             0             0             0             0 
   200     -0.303033     -0.319625             0     0.0165916             0             0             0             0             0             0 
   201       1.22727       1.30471             0    -0.0774355             0             0             0             0             0             0 
   202     0.0535011      0.039863             0     0.0136381             0             0             0             0             0             0 
   203      -1.07325       -1.1115             0     0.0382479             0             0             0             0             0             0 
   204      0.805045      0.885867             0    -0.0808219             0             0             0             0             0             0 
   205     0.0100349    -0.0031822             0     0.0132171             0             0             0             0             0             0 
   206      0.789283      0.748783             0     0.0405001             0             0             0             0             0             0 
   213     -0.149634     -0.320056             0      0.170422             0             0             0             0             0             0 
   214      0.350176      0.411463             0    -0.0612869             0             0             0             0             0             0 
   215      0.574801      0.659661             0    -0.0848599             0             0             0             0             0             0 
   216     -0.150598     -0.125083             0    -0.0255151             0             0             0             0             0             0 
   217     -0.373225     -0.364593             0   -0.00863155             0             0             0             0             0             0 
   218     0.0379735     0.0258827             0     0.0120907             0             0             0             0             0             0 
   219      0.477724      0.544464             0    -0.0667407             0             0             0             0             0             0 
   220      -0.64297      -0.65763             0     0.0146601             0             0             0             0             0             0 
   221      -0.64151     -0.674884             0     0.0333738             0             0             0             0             0             0 
   222      0.602254      0.674179             0    -0.0719252             0             0             0             0             0             0 
   223     0.0167153     0.0086623             0    0.00805299             0             0             0             0             0             0 
   224     -0.604009     -0.639249             0     0.0352398             0             0             0             0             0             0 
   225     -0.222507     -0.128761             0    -0.0937457             0             0             0             0             0             0 
   226      0.554496      0.532926             0     0.0215699             0             0             0             0             0             0 
   227       0.80915       0.76277             0     0.0463795             0             0             0             0             0             0 
   234    -0.0438241     -0.176116             0      0.132292             0             0             0             0             0             0 
   235     0.0390638      0.095448             0    -0.0563842             0             0             0             0             0             0 
   236      0.262882      0.328474             0     -0.065592             0             0             0             0             0             0 
   237     0.0582013     0.0870566             0    -0.0288553             0             0             0             0             0             0 
   238     -0.171018     -0.132194             0    -0.0388234             0             0             0             0             0             0 
   239     -0.169257     -0.183562             0     0.0143046             0             0             0             0             0             0 
   240       0.15182      0.206526             0    -0.0547058             0             0             0             0             0             0 
   241      -0.13758     -0.121353             0    -0.0162269             0             0             0             0             0             0 
   242     -0.199785     -0.227827             0     0.0280413             0             0             0             0             0             0 
   243     -0.157198     -0.120138             0      -0.03706             0             0             0             0             0             0 
   244    -0.0414584    -0.0620985             0     0.0206401             0             0             0             0             0             0 
   245       0.24654      0.228241             0      0.018299             0             0             0             0             0             0 
   246     -0.757395     -0.656252             0     -0.101143             0             0             0             0             0             0 
   247      0.684304      0.659282             0     0.0250221             0             0             0             0             0             0 
   248      0.684769      0.634869             0     0.0498995             0             0             0             0             0             0 
   255   -0.00451429    -0.0828866             0     0.0783723             0             0             0             0             0             0 
   256      0.103415      0.186472             0    -0.0830566             0             0             0             0             0             0 
   257     0.0138681     0.0524738             0    -0.0386058             0             0             0             0             0             0 
   258   0.000138021    0.00520833             0   -0.00507031             0             0             0             0             0             0 
   259      0.182735       0.24845             0    -0.0657147             0             0             0             0             0             0 
   260     0.0204838     0.0176586             0    0.00282524             0             0             0             0             0             0 
   261     0.0742605     0.0816297             0   -0.00736924             0             0             0             0             0             0 
   262     0.0783384      0.121217             0    -0.0428789             0             0             0             0             0             0 
   263      0.341346       0.33689             0    0.00445538             0             0             0             0             0             0 
   264    -0.0609673    -0.0370404             0    -0.0239268             0             0             0             0             0             0 
   265     -0.448979     -0.437117             0    -0.0118626             0             0             0             0             0             0 
   266      0.546267       0.53448             0     0.0117869             0             0             0             0             0             0 
   267     -0.193403     -0.076024             0     -0.117379             0             0             0             0             0             0 
   268     0.0510967     0.0499949             0    0.00110181             0             0             0             0             0             0 
   269      0.412222      0.354237             0     0.0579853             0             0             0             0             0             0 
   318     -0.067575    -0.0791254             0     0.0115504             0             0             0             0             0             0 
   319     -0.282211     -0.271256             0    -0.0109549             0             0             0             0             0             0 
   320     0.0420507     0.0476973             0   -0.00564661             0             0             0             0             0             0 
   321    -0.0456009     -0.041287             0   -0.00431393             0             0             0             0             0             0 
   322     -0.380506     -0.398895             0     0.0183885             0             0             0             0             0             0 
   323      0.465211      0.463015             0     0.0021967             0             0             0             0             0             0 
   324    -0.0478562    -0.0369277             0    -0.0109286             0             0             0             0             0             0 
   325    -0.0366467    -0.0551325             0     0.0184857             0             0             0             0             0             0 
   326      0.312054      0.306489             0    0.00556532             0             0             0             0             0             0 
   327     0.0539471     0.0929481             0     -0.039001             0             0             0             0             0             0 
   328     0.0612006     0.0467854             0     0.0144151             0             0             0             0             0             0 
   329      0.310915       0.29127             0     0.0196451             0             0             0             0             0             0 
   330     0.0234114     0.0594599             0    -0.0360485             0             0             0             0             0             0 
   331     0.0558291     0.0460239             0    0.00980519             0             0             0             0             0             0 
   332      0.824874      0.806616             0     0.0182582             0             0             0             0             0             0 
   339     -0.091983     -0.103103             0     0.0111195             0             0             0             0             0             0 
   340     -0.429157     -0.415942             0    -0.0132149             0             0             0             0             0             0 
   341      0.232262      0.237663             0   -0.00540155             0             0             0             0             0             0 
   342    0.00450273     0.0281724             0    -0.0236697             0             0             0             0             0             0 
   343     -0.797999     -0.877386             0     0.0793868             0             0             0             0             0             0 
   344       1.44863       1.43659             0     0.0120427             0             0             0             0             0             0 
   345      0.261852      0.273776             0    -0.0119236             0             0             0             0             0             0 
   346    -0.0915773     -0.169632             0     0.0780547             0             0             0             0             0             0 
   347      0.818556      0.812324             0    0.00623181             0             0             0             0             0             0 
   348       0.89957      0.942536             0    -0.0429658             0             0             0             0             0             0 
   349     -0.269707     -0.285565             0     0.0158584             0             0             0             0             0             0 
   350      0.155576      0.134013             0     0.0215628             0             0             0             0             0             0 
   351      0.918814       0.98842             0    -0.0696066             0             0             0             0             0             0 
   352     -0.951838      -0.96341             0     0.0115716             0             0             0             0             0             0 
   353       2.03389        1.9987             0     0.0351873             0             0             0             0             0             0 
   360   -0.00643866    -0.0321549             0     0.0257163             0             0             0             0             0             0 
   361     -0.157139      -0.15671             0  -0.000429264             0             0             0             0             0             0 
   362      0.296311      0.308967             0    -0.0126557             0             0             0             0             0             0 
   363      0.189257      0.206117             0    -0.0168607             0             0             0             0             0             0 
   364     -0.978973      -1.05236             0     0.0733904             0             0             0             0             0             0 
   365       1.08498       1.07639             0    0.00859227             0             0             0             0             0             0 
   366      0.365206      0.379928             0    -0.0147222             0             0             0             0             0             0 
   367      -0.48853     -0.550647             0     0.0621172             0             0             0             0             0             0 
   368       0.69793      0.690319             0    0.00761082             0             0             0             0             0             0 
   369      0.313921      0.352564             0    -0.0386433             0             0             0             0             0             0 
   370      0.115962      0.105355             0     0.0106071             0             0             0             0             0             0 
   371     0.0243962    0.00522048             0     0.0191758             0             0             0             0             0             0 
   372     -0.701569     -0.626898             0    -0.0746715             0             0             0             0             0             0 
   373      0.617943      0.601614             0     0.0163289             0             0             0             0             0             0 
   374       1.34005       1.30264             0     0.0374092             0             0             0             0             0             0 
   381    0.00637495    -0.0222469             0     0.0286218             0             0             0             0             0             0 
   382    -0.0194018   -0.00904308             0    -0.0103587             0             0             0             0             0             0 
   383     0.0600103     0.0740752             0    -0.0140649             0             0             0             0             0             0 
   384     0.0947964      0.100449             0   -0.00565225             0             0             0             0             0             0 
   385     -0.246041     -0.243789             0   -0.00225206             0             0             0             0             0             0 
   386     0.0870563     0.0841001             0    0.00295621             0             0             0             0             0             0 
   387     0.0805348     0.0877909             0   -0.00725601             0             0             0             0             0             0 
   388     -0.171733     -0.165635             0   -0.00609845             0             0             0             0             0             0 
   389     0.0991317     0.0951201             0    0.00401155             0             0             0             0             0             0 
   390     -0.261149     -0.243449             0    -0.0176996             0             0             0             0             0             0 
   391     0.0845207      0.077404             0    0.00711678             0             0             0             0             0             0 
   392      0.230178      0.221328             0    0.00884929             0             0             0             0             0             0 
   393      -1.26663      -1.20278             0    -0.0638447             0             0             0             0             0             0 
   394      0.986944      0.973772             0     0.0131718             0             0             0             0             0             0 
   395      0.656815      0.625152             0     0.0316629             0             0             0             0             0             0 
   402   9.44474e-06    -0.0162027             0     0.0162122             0             0             0             0             0             0 
   403     0.0619792       0.08002             0    -0.0180408             0             0             0             0             0             0 
   404    -0.0078713  -4.07904e-05             0    -0.0078305             0             0             0             0             0             0 
   405   1.99114e-05    0.00328858             0   -0.00326867             0             0             0             0             0             0 
   406      0.105709      0.121472             0    -0.0157638             0             0             0             0             0             0 
   407     0.0196362     0.0177767             0    0.00185954             0             0             0             0             0             0 
   408     0.0202777     0.0188058             0    0.00147183             0             0             0             0             0             0 
   409     0.0269195     0.0407205             0     -0.013801             0             0             0             0             0             0 
   410      0.158266      0.158582             0   -0.00031541             0             0             0             0             0             0 
   411    -0.0716163    -0.0602874             0    -0.0113289             0             0             0             0             0             0 
   412     -0.257259     -0.256793             0  -0.000466017             0             0             0             0             0             0 
   413      0.133102      0.127414             0    0.00568854             0             0             0             0             0             0 
   414     -0.157043    -0.0957591             0    -0.0612838             0             0             0             0             0             0 
   415     0.0227032     0.0238553             0   -0.00115211             0             0             0             0             0             0 
   416      0.116981     0.0866204             0     0.0303605             0             0             0             0             0             0 
