#varID         total       dxdbVol      dxdbSurf          dSdb          dndb    dxdbDirect          dVdb      distance       options          dvdb
   171    -0.0675124     -0.174837             0      0.107324             0             0             0             0             0             0 
   172     -0.107571    -0.0716121             0    -0.0359588             0             0             0             0             0             0 
   173     -0.225961     -0.172711             0    -0.0532504             0             0             0             0             0             0 
   174     -0.171725     -0.176691             0    0.00496603             0             0             0             0             0             0 
   175     0.0257409     0.0504972             0    -0.0247563             0             0             0             0             0             0 
   176      0.246487      0.249531             0   -0.00304343             0             0             0             0             0             0 
   177     -0.123383    -0.0636303             0    -0.0597525             0             0             0             0             0             0 
   178    -0.0852961    -0.0873854             0    0.00208923             0             0             0             0             0             0 
   179      0.465902      0.436321             0     0.0295809             0             0             0             0             0             0 
   180      0.175739      0.276064             0     -0.100325             0             0             0             0             0             0 
   181      0.185942      0.169537             0     0.0164052             0             0             0             0             0             0 
   182     -0.348738     -0.398617             0     0.0498784             0             0             0             0             0             0 
   183    -0.0188026     0.0382006             0    -0.0570032             0             0             0             0             0             0 
   184      0.679627      0.667747             0     0.0118803             0             0             0             0             0             0 
   185     0.0800299     0.0513614             0     0.0286685             0             0             0             0             0             0 
   192     -0.171757     -0.304473             0      0.132716             0             0             0             0             0             0 
   193      0.083514      0.150882             0    -0.0673683             0             0             0             0             0             0 
   194      0.211279      0.277338             0    -0.0660592             0             0             0             0             0             0 
   195      -0.52652     -0.528638             0    0.00211757             0             0             0             0             0             0 
   196      0.330506      0.347304             0    -0.0167977             0             0             0             0             0             0 
   197      0.248824      0.250593             0   -0.00176908             0             0             0             0             0             0 
   198     0.0746649      0.105573             0    -0.0309079             0             0             0             0             0             0 
   199     0.0954494     0.0666508             0     0.0287986             0             0             0             0             0             0 
   200     -0.327728     -0.342886             0     0.0151584             0             0             0             0             0             0 
   201       1.21746       1.29704             0    -0.0795827             0             0             0             0             0             0 
   202    -0.0276172    -0.0425972             0       0.01498             0             0             0             0             0             0 
   203      -0.99067      -1.02995             0     0.0392789             0             0             0             0             0             0 
   204      0.753531      0.837557             0    -0.0840265             0             0             0             0             0             0 
   205    -0.0756732    -0.0889672             0      0.013294             0             0             0             0             0             0 
   206      0.849492      0.807382             0     0.0421107             0             0             0             0             0             0 
   213     -0.138519     -0.309744             0      0.171225             0             0             0             0             0             0 
   214      0.364473      0.425555             0    -0.0610827             0             0             0             0             0             0 
   215      0.567452      0.652707             0    -0.0852543             0             0             0             0             0             0 
   216     -0.139665     -0.115621             0    -0.0240435             0             0             0             0             0             0 
   217     -0.351439      -0.34317             0   -0.00826934             0             0             0             0             0             0 
   218     0.0365027     0.0251419             0     0.0113608             0             0             0             0             0             0 
   219      0.488308      0.551525             0    -0.0632175             0             0             0             0             0             0 
   220     -0.708146     -0.722707             0     0.0145608             0             0             0             0             0             0 
   221     -0.591458     -0.623055             0     0.0315968             0             0             0             0             0             0 
   222      0.563567       0.63901             0    -0.0754433             0             0             0             0             0             0 
   223    -0.0270793    -0.0339748             0    0.00689544             0             0             0             0             0             0 
   224     -0.529656     -0.566619             0     0.0369638             0             0             0             0             0             0 
   225     -0.256117      -0.15818             0    -0.0979369             0             0             0             0             0             0 
   226      0.505327      0.484462             0     0.0208656             0             0             0             0             0             0 
   227      0.748893      0.700394             0     0.0484992             0             0             0             0             0             0 
   234    -0.0410528     -0.174261             0      0.133209             0             0             0             0             0             0 
   235     0.0340326     0.0902819             0    -0.0562493             0             0             0             0             0             0 
   236      0.276425      0.342469             0    -0.0660444             0             0             0             0             0             0 
   237     0.0576706     0.0851287             0    -0.0274581             0             0             0             0             0             0 
   238     -0.175164     -0.136409             0    -0.0387547             0             0             0             0             0             0 
   239     -0.149643      -0.16325             0     0.0136074             0             0             0             0             0             0 
   240      0.145966      0.199387             0    -0.0534208             0             0             0             0             0             0 
   241     -0.146166     -0.128478             0    -0.0176886             0             0             0             0             0             0 
   242     -0.178258     -0.205657             0     0.0273982             0             0             0             0             0             0 
   243     -0.166885     -0.126915             0    -0.0399706             0             0             0             0             0             0 
   244    -0.0410932     -0.059813             0     0.0187198             0             0             0             0             0             0 
   245      0.276536      0.256788             0     0.0197479             0             0             0             0             0             0 
   246     -0.717574     -0.614072             0     -0.103502             0             0             0             0             0             0 
   247      0.640481      0.615845             0     0.0246357             0             0             0             0             0             0 
   248      0.533469      0.482373             0     0.0510956             0             0             0             0             0             0 
   255   -0.00275374    -0.0819528             0     0.0791991             0             0             0             0             0             0 
   256     0.0832625      0.166783             0    -0.0835205             0             0             0             0             0             0 
   257     0.0231127     0.0621282             0    -0.0390156             0             0             0             0             0             0 
   258    0.00316113    0.00752817             0   -0.00436705             0             0             0             0             0             0 
   259       0.15454      0.221011             0     -0.066471             0             0             0             0             0             0 
   260     0.0157192     0.0132435             0    0.00247572             0             0             0             0             0             0 
   261     0.0756549     0.0828158             0   -0.00716087             0             0             0             0             0             0 
   262     0.0570321      0.101487             0    -0.0444545             0             0             0             0             0             0 
   263      0.311957      0.307599             0    0.00435854             0             0             0             0             0             0 
   264     -0.059909    -0.0344836             0    -0.0254253             0             0             0             0             0             0 
   265      -0.43598     -0.423685             0    -0.0122949             0             0             0             0             0             0 
   266      0.543331      0.530791             0     0.0125402             0             0             0             0             0             0 
   267     -0.190284     -0.071801             0     -0.118483             0             0             0             0             0             0 
   268     0.0557869     0.0538678             0     0.0019191             0             0             0             0             0             0 
   269      0.315286      0.256744             0     0.0585421             0             0             0             0             0             0 
   318     -0.054039    -0.0658817             0     0.0118427             0             0             0             0             0             0 
   319     -0.260268     -0.249319             0     -0.010949             0             0             0             0             0             0 
   320     0.0352258     0.0410193             0   -0.00579355             0             0             0             0             0             0 
   321    -0.0487068    -0.0444326             0   -0.00427412             0             0             0             0             0             0 
   322     -0.327768      -0.34638             0      0.018612             0             0             0             0             0             0 
   323      0.420406      0.418231             0     0.0021756             0             0             0             0             0             0 
   324    -0.0517339    -0.0411225             0    -0.0106114             0             0             0             0             0             0 
   325    -0.0100204    -0.0289443             0      0.018924             0             0             0             0             0             0 
   326      0.272259      0.266854             0    0.00540542             0             0             0             0             0             0 
   327     0.0713633      0.111018             0    -0.0396546             0             0             0             0             0             0 
   328     0.0198355    0.00493126             0     0.0149042             0             0             0             0             0             0 
   329      0.326774      0.306806             0     0.0199679             0             0             0             0             0             0 
   330     0.0310572      0.067886             0    -0.0368288             0             0             0             0             0             0 
   331    -0.0104162    -0.0203387             0    0.00992257             0             0             0             0             0             0 
   332      0.852228      0.833576             0     0.0186515             0             0             0             0             0             0 
   339    -0.0755691    -0.0873045             0     0.0117354             0             0             0             0             0             0 
   340     -0.353405     -0.340108             0    -0.0132978             0             0             0             0             0             0 
   341      0.209822      0.215533             0   -0.00571066             0             0             0             0             0             0 
   342    -0.0297363    -0.0064418             0    -0.0232945             0             0             0             0             0             0 
   343     -0.665272      -0.74485             0     0.0795781             0             0             0             0             0             0 
   344       1.32127       1.30941             0     0.0118541             0             0             0             0             0             0 
   345      0.239126      0.250262             0    -0.0111363             0             0             0             0             0             0 
   346      -0.10031     -0.178687             0     0.0783767             0             0             0             0             0             0 
   347      0.730069      0.724236             0    0.00583363             0             0             0             0             0             0 
   348      0.869339      0.913795             0    -0.0444564             0             0             0             0             0             0 
   349      -0.32014     -0.336347             0     0.0162073             0             0             0             0             0             0 
   350      0.204737       0.18244             0     0.0222975             0             0             0             0             0             0 
   351      0.832848      0.904661             0    -0.0718122             0             0             0             0             0             0 
   352     -0.980994      -0.99259             0     0.0115958             0             0             0             0             0             0 
   353       2.05798       2.02167             0      0.036304             0             0             0             0             0             0 
   360    -0.0105833    -0.0368894             0     0.0263061             0             0             0             0             0             0 
   361    -0.0703159    -0.0697027             0  -0.000613202             0             0             0             0             0             0 
   362      0.262118      0.275068             0    -0.0129494             0             0             0             0             0             0 
   363      0.179516      0.195867             0    -0.0163508             0             0             0             0             0             0 
   364     -0.893533     -0.966429             0     0.0728965             0             0             0             0             0             0 
   365      0.965602      0.957262             0    0.00833987             0             0             0             0             0             0 
   366      0.402155      0.415855             0    -0.0137009             0             0             0             0             0             0 
   367     -0.582741     -0.644421             0     0.0616803             0             0             0             0             0             0 
   368      0.642739      0.635642             0     0.0070972             0             0             0             0             0             0 
   369      0.285619       0.32629             0    -0.0406707             0             0             0             0             0             0 
   370     0.0597254     0.0495833             0     0.0101421             0             0             0             0             0             0 
   371     0.0529321     0.0327476             0     0.0201844             0             0             0             0             0             0 
   372     -0.766557     -0.688983             0    -0.0775749             0             0             0             0             0             0 
   373      0.594255      0.578013             0     0.0162426             0             0             0             0             0             0 
   374       1.26198       1.22309             0     0.0388882             0             0             0             0             0             0 
   381    0.00485166    -0.0240303             0      0.028882             0             0             0             0             0             0 
   382    -0.0129578   -0.00258741             0    -0.0103704             0             0             0             0             0             0 
   383     0.0584474     0.0726409             0    -0.0141935             0             0             0             0             0             0 
   384     0.0957701      0.101113             0    -0.0053431             0             0             0             0             0             0 
   385     -0.244575     -0.242209             0   -0.00236536             0             0             0             0             0             0 
   386     0.0715167     0.0687141             0    0.00280264             0             0             0             0             0             0 
   387     0.0863254     0.0932006             0   -0.00687524             0             0             0             0             0             0 
   388     -0.185638     -0.179006             0   -0.00663248             0             0             0             0             0             0 
   389     0.0887111     0.0848892             0    0.00382189             0             0             0             0             0             0 
   390     -0.253996     -0.235028             0     -0.018968             0             0             0             0             0             0 
   391     0.0734872     0.0670719             0    0.00641536             0             0             0             0             0             0 
   392      0.219182      0.209697             0    0.00948469             0             0             0             0             0             0 
   393       -1.2008      -1.13568             0    -0.0651234             0             0             0             0             0             0 
   394      0.926483      0.913384             0     0.0130989             0             0             0             0             0             0 
   395      0.510552      0.478237             0     0.0323152             0             0             0             0             0             0 
   402   0.000177283    -0.0162053             0     0.0163826             0             0             0             0             0             0 
   403     0.0514897     0.0696113             0    -0.0181216             0             0             0             0             0             0 
   404   -0.00662216    0.00129274             0    -0.0079149             0             0             0             0             0             0 
   405   0.000754112    0.00392398             0   -0.00316987             0             0             0             0             0             0 
   406     0.0907403      0.106675             0     -0.015935             0             0             0             0             0             0 
   407     0.0103611    0.00855014             0    0.00181092             0             0             0             0             0             0 
   408     0.0197966     0.0182792             0    0.00151732             0             0             0             0             0             0 
   409     0.0222628     0.0364542             0    -0.0141914             0             0             0             0             0             0 
   410      0.133281      0.133617             0  -0.000335847             0             0             0             0             0             0 
   411    -0.0709728    -0.0591204             0    -0.0118525             0             0             0             0             0             0 
   412     -0.236314     -0.235794             0  -0.000519676             0             0             0             0             0             0 
   413      0.124551      0.118599             0    0.00595206             0             0             0             0             0             0 
   414      -0.14894     -0.087249             0    -0.0616912             0             0             0             0             0             0 
   415     0.0235007     0.0242753             0  -0.000774601             0             0             0             0             0             0 
   416     0.0507082     0.0201414             0     0.0305668             0             0             0             0             0             0 
