#varID         total       dxdbVol      dxdbSurf          dSdb          dndb    dxdbDirect          dVdb      distance       options          dvdb
   171    -0.0831829     -0.189983             0        0.1068             0             0             0             0             0             0 
   172     -0.118251    -0.0824853             0    -0.0357662             0             0             0             0             0             0 
   173     -0.228058      -0.17507             0    -0.0529882             0             0             0             0             0             0 
   174     -0.180676     -0.186292             0    0.00561527             0             0             0             0             0             0 
   175   -0.00693077      0.018051             0    -0.0249818             0             0             0             0             0             0 
   176      0.300393      0.303763             0   -0.00336958             0             0             0             0             0             0 
   177     -0.149037    -0.0875953             0    -0.0614421             0             0             0             0             0             0 
   178     -0.115513     -0.115905             0   0.000391942             0             0             0             0             0             0 
   179      0.564109      0.533683             0      0.030426             0             0             0             0             0             0 
   180      0.125554      0.224541             0    -0.0989865             0             0             0             0             0             0 
   181      0.261009      0.246507             0     0.0145027             0             0             0             0             0             0 
   182     -0.387065     -0.436297             0     0.0492316             0             0             0             0             0             0 
   183    -0.0445282     0.0106932             0    -0.0552214             0             0             0             0             0             0 
   184      0.819819      0.808321             0     0.0114983             0             0             0             0             0             0 
   185    0.00261289    -0.0251628             0     0.0277757             0             0             0             0             0             0 
   192     -0.203169     -0.335077             0      0.131908             0             0             0             0             0             0 
   193     0.0593081      0.126528             0    -0.0672201             0             0             0             0             0             0 
   194      0.211061       0.27672             0    -0.0656583             0             0             0             0             0             0 
   195     -0.537127     -0.539049             0    0.00192166             0             0             0             0             0             0 
   196      0.278949      0.296804             0    -0.0178555             0             0             0             0             0             0 
   197      0.298646      0.300322             0   -0.00167553             0             0             0             0             0             0 
   198     0.0600502     0.0944165             0    -0.0343662             0             0             0             0             0             0 
   199       0.13845      0.112107             0     0.0263434             0             0             0             0             0             0 
   200     -0.296388     -0.313292             0     0.0169034             0             0             0             0             0             0 
   201        1.2296       1.30664             0    -0.0770363             0             0             0             0             0             0 
   202     0.0727335     0.0593914             0      0.013342             0             0             0             0             0             0 
   203      -1.09289      -1.13095             0     0.0380573             0             0             0             0             0             0 
   204      0.817396      0.897581             0    -0.0801841             0             0             0             0             0             0 
   205     0.0299106     0.0167117             0     0.0131989             0             0             0             0             0             0 
   206      0.773565      0.733385             0     0.0401798             0             0             0             0             0             0 
   213     -0.151923     -0.322203             0       0.17028             0             0             0             0             0             0 
   214      0.348083      0.409405             0    -0.0613218             0             0             0             0             0             0 
   215       0.57554       0.66033             0    -0.0847904             0             0             0             0             0             0 
   216     -0.152566     -0.126756             0    -0.0258103             0             0             0             0             0             0 
   217     -0.378128     -0.369395             0   -0.00873319             0             0             0             0             0             0 
   218     0.0373154     0.0250783             0     0.0122371             0             0             0             0             0             0 
   219      0.475222      0.542707             0    -0.0674858             0             0             0             0             0             0 
   220     -0.629602     -0.644231             0      0.014629             0             0             0             0             0             0 
   221     -0.653386     -0.687136             0     0.0337494             0             0             0             0             0             0 
   222      0.611311       0.68252             0    -0.0712081             0             0             0             0             0             0 
   223     0.0254828     0.0172267             0    0.00825617             0             0             0             0             0             0 
   224     -0.622337     -0.657226             0     0.0348888             0             0             0             0             0             0 
   225      -0.21562     -0.122713             0    -0.0929072             0             0             0             0             0             0 
   226      0.565822      0.544101             0      0.021721             0             0             0             0             0             0 
   227      0.821765      0.775809             0     0.0459556             0             0             0             0             0             0 
   234    -0.0444284     -0.176545             0      0.132116             0             0             0             0             0             0 
   235     0.0401722     0.0965892             0     -0.056417             0             0             0             0             0             0 
   236      0.258772      0.324277             0    -0.0655051             0             0             0             0             0             0 
   237     0.0585838     0.0877211             0    -0.0291373             0             0             0             0             0             0 
   238      -0.17067     -0.131825             0    -0.0388448             0             0             0             0             0             0 
   239     -0.175151     -0.189596             0     0.0144453             0             0             0             0             0             0 
   240      0.153499      0.208491             0    -0.0549921             0             0             0             0             0             0 
   241     -0.137123     -0.121182             0    -0.0159408             0             0             0             0             0             0 
   242     -0.206248     -0.234432             0     0.0281848             0             0             0             0             0             0 
   243     -0.155044     -0.118598             0    -0.0364462             0             0             0             0             0             0 
   244      -0.04238    -0.0633877             0     0.0210077             0             0             0             0             0             0 
   245      0.238975      0.220982             0     0.0179937             0             0             0             0             0             0 
   246     -0.766478     -0.665811             0     -0.100668             0             0             0             0             0             0 
   247      0.694817      0.669728             0     0.0250887             0             0             0             0             0             0 
   248      0.719009      0.669351             0     0.0496584             0             0             0             0             0             0 
   255   -0.00499315     -0.083204             0     0.0782108             0             0             0             0             0             0 
   256      0.107224      0.190191             0    -0.0829667             0             0             0             0             0             0 
   257     0.0109321     0.0494578             0    -0.0385257             0             0             0             0             0             0 
   258  -0.000304902    0.00490368             0   -0.00520858             0             0             0             0             0             0 
   259      0.187458      0.253024             0    -0.0655651             0             0             0             0             0             0 
   260     0.0196983     0.0168044             0    0.00289392             0             0             0             0             0             0 
   261     0.0748154     0.0822493             0   -0.00743391             0             0             0             0             0             0 
   262     0.0791504      0.121703             0    -0.0425526             0             0             0             0             0             0 
   263      0.344578      0.340091             0    0.00448662             0             0             0             0             0             0 
   264    -0.0599016    -0.0362891             0    -0.0236125             0             0             0             0             0             0 
   265      -0.45343     -0.441661             0    -0.0117687             0             0             0             0             0             0 
   266      0.545743      0.534114             0     0.0116292             0             0             0             0             0             0 
   267     -0.193871    -0.0767213             0      -0.11715             0             0             0             0             0             0 
   268     0.0547991     0.0538687             0   0.000930409             0             0             0             0             0             0 
   269      0.435856      0.377986             0     0.0578694             0             0             0             0             0             0 
   318    -0.0704324     -0.081932             0     0.0114995             0             0             0             0             0             0 
   319     -0.287633     -0.276683             0    -0.0109508             0             0             0             0             0             0 
   320     0.0434933     0.0491143             0   -0.00562102             0             0             0             0             0             0 
   321     -0.044619    -0.0403034             0   -0.00431561             0             0             0             0             0             0 
   322     -0.392884     -0.411221             0     0.0183372             0             0             0             0             0             0 
   323      0.474976      0.472778             0    0.00219773             0             0             0             0             0             0 
   324    -0.0475245    -0.0365299             0    -0.0109946             0             0             0             0             0             0 
   325    -0.0421172     -0.060506             0     0.0183888             0             0             0             0             0             0 
   326      0.321291      0.315693             0    0.00559854             0             0             0             0             0             0 
   327     0.0492723     0.0881498             0    -0.0388775             0             0             0             0             0             0 
   328     0.0719854     0.0576731             0     0.0143123             0             0             0             0             0             0 
   329      0.306496      0.286912             0     0.0195842             0             0             0             0             0             0 
   330     0.0218617     0.0577571             0    -0.0358955             0             0             0             0             0             0 
   331     0.0714286     0.0616496             0    0.00977892             0             0             0             0             0             0 
   332       0.81684      0.798659             0     0.0181811             0             0             0             0             0             0 
   339    -0.0954321     -0.106437             0     0.0110053             0             0             0             0             0             0 
   340     -0.445568     -0.432378             0    -0.0131904             0             0             0             0             0             0 
   341      0.236809      0.242154             0   -0.00534421             0             0             0             0             0             0 
   342      0.012612     0.0363378             0    -0.0237258             0             0             0             0             0             0 
   343     -0.827953     -0.907263             0     0.0793097             0             0             0             0             0             0 
   344        1.4758       1.46373             0     0.0120709             0             0             0             0             0             0 
   345      0.266167      0.278247             0    -0.0120796             0             0             0             0             0             0 
   346    -0.0899246     -0.167868             0     0.0779432             0             0             0             0             0             0 
   347      0.837885      0.831574             0    0.00631067             0             0             0             0             0             0 
   348      0.906549      0.949223             0    -0.0426745             0             0             0             0             0             0 
   349     -0.258336     -0.274114             0     0.0157779             0             0             0             0             0             0 
   350      0.144036      0.122617             0     0.0214195             0             0             0             0             0             0 
   351      0.938561       1.00774             0    -0.0691767             0             0             0             0             0             0 
   352     -0.945944     -0.957514             0     0.0115704             0             0             0             0             0             0 
   353       2.02767        1.9927             0     0.0349697             0             0             0             0             0             0 
   360   -0.00556451    -0.0311686             0     0.0256041             0             0             0             0             0             0 
   361     -0.174007     -0.173615             0  -0.000392306             0             0             0             0             0             0 
   362      0.302855      0.315454             0    -0.0125998             0             0             0             0             0             0 
   363       0.19194      0.208892             0    -0.0169519             0             0             0             0             0             0 
   364     -0.997401      -1.07086             0     0.0734575             0             0             0             0             0             0 
   365       1.10876       1.10012             0    0.00863731             0             0             0             0             0             0 
   366       0.35732      0.372246             0    -0.0149258             0             0             0             0             0             0 
   367     -0.470106     -0.532278             0     0.0621717             0             0             0             0             0             0 
   368      0.708819      0.701106             0    0.00771328             0             0             0             0             0             0 
   369      0.320427      0.358656             0    -0.0382287             0             0             0             0             0             0 
   370      0.127033      0.116335             0     0.0106976             0             0             0             0             0             0 
   371      0.016984   -0.00198559             0     0.0189696             0             0             0             0             0             0 
   372     -0.688779      -0.61467             0    -0.0741089             0             0             0             0             0             0 
   373      0.623587      0.607213             0     0.0163741             0             0             0             0             0             0 
   374       1.35796       1.32084             0     0.0371224             0             0             0             0             0             0 
   381    0.00668372    -0.0218877             0     0.0285714             0             0             0             0             0             0 
   382    -0.0205723    -0.0102148             0    -0.0103575             0             0             0             0             0             0 
   383     0.0600245     0.0740644             0      -0.01404             0             0             0             0             0             0 
   384     0.0947893      0.100503             0   -0.00571407             0             0             0             0             0             0 
   385     -0.246703      -0.24447             0   -0.00223274             0             0             0             0             0             0 
   386     0.0897131     0.0867262             0    0.00298691             0             0             0             0             0             0 
   387     0.0795059     0.0868433             0   -0.00733741             0             0             0             0             0             0 
   388     -0.169561     -0.163567             0   -0.00599349             0             0             0             0             0             0 
   389      0.100636     0.0965836             0    0.00405216             0             0             0             0             0             0 
   390     -0.262778     -0.245346             0    -0.0174323             0             0             0             0             0             0 
   391     0.0868394      0.079586             0    0.00725338             0             0             0             0             0             0 
   392      0.232034      0.223319             0     0.0087154             0             0             0             0             0             0 
   393      -1.28163      -1.21803             0    -0.0635978             0             0             0             0             0             0 
   394       1.00087      0.987683             0     0.0131884             0             0             0             0             0             0 
   395      0.690294      0.658757             0     0.0315366             0             0             0             0             0             0 
   402  -4.66557e-05    -0.0162253             0     0.0161787             0             0             0             0             0             0 
   403     0.0641773     0.0822011             0    -0.0180238             0             0             0             0             0             0 
   404   -0.00834874  -0.000534841             0    -0.0078139             0             0             0             0             0             0 
   405  -9.67664e-05    0.00319134             0   -0.00328811             0             0             0             0             0             0 
   406      0.108642      0.124371             0    -0.0157292             0             0             0             0             0             0 
   407     0.0212303     0.0193612             0    0.00186909             0             0             0             0             0             0 
   408     0.0205515     0.0190938             0    0.00145771             0             0             0             0             0             0 
   409     0.0269547     0.0406741             0    -0.0137194             0             0             0             0             0             0 
   410      0.162916      0.163225             0  -0.000308697             0             0             0             0             0             0 
   411    -0.0714389    -0.0602204             0    -0.0112185             0             0             0             0             0             0 
   412     -0.261829     -0.261375             0  -0.000453721             0             0             0             0             0             0 
   413      0.135429      0.129796             0    0.00563307             0             0             0             0             0             0 
   414     -0.158766    -0.0975651             0    -0.0612005             0             0             0             0             0             0 
   415     0.0241635     0.0253963             0   -0.00123283             0             0             0             0             0             0 
   416      0.133647      0.103329             0     0.0303182             0             0             0             0             0             0 
