#varID         total       dxdbVol      dxdbSurf          dSdb          dndb    dxdbDirect          dVdb      distance       options          dvdb
   171     -0.100539     -0.207308             0      0.106769             0             0             0             0             0             0 
   172     -0.141132     -0.105748             0    -0.0353842             0             0             0             0             0             0 
   173     -0.224645     -0.171674             0    -0.0529713             0             0             0             0             0             0 
   174        -0.192     -0.198391             0    0.00639047             0             0             0             0             0             0 
   175    -0.0589573    -0.0339511             0    -0.0250061             0             0             0             0             0             0 
   176      0.387455      0.391215             0    -0.0037599             0             0             0             0             0             0 
   177     -0.203603     -0.140029             0     -0.063574             0             0             0             0             0             0 
   178     -0.152069     -0.150746             0   -0.00132312             0             0             0             0             0             0 
   179      0.730658      0.699171             0     0.0314875             0             0             0             0             0             0 
   180     0.0317662      0.129897             0    -0.0981307             0             0             0             0             0             0 
   181      0.396391      0.383962             0     0.0124285             0             0             0             0             0             0 
   182     -0.458715     -0.507542             0     0.0488275             0             0             0             0             0             0 
   183    -0.0798994    -0.0263856             0    -0.0535138             0             0             0             0             0             0 
   184       1.04398       1.03293             0     0.0110524             0             0             0             0             0             0 
   185     -0.155697     -0.182619             0      0.026922             0             0             0             0             0             0 
   192     -0.242042     -0.373545             0      0.131504             0             0             0             0             0             0 
   193     0.0265899     0.0933562             0    -0.0667662             0             0             0             0             0             0 
   194      0.210914      0.276373             0    -0.0654587             0             0             0             0             0             0 
   195     -0.559263     -0.561078             0    0.00181466             0             0             0             0             0             0 
   196        0.2053      0.224363             0    -0.0190638             0             0             0             0             0             0 
   197      0.376533      0.378161             0   -0.00162803             0             0             0             0             0             0 
   198     0.0184374     0.0569309             0    -0.0384935             0             0             0             0             0             0 
   199       0.18854      0.165368             0     0.0231722             0             0             0             0             0             0 
   200     -0.228464     -0.247444             0     0.0189806             0             0             0             0             0             0 
   201       1.24904       1.32394             0    -0.0749028             0             0             0             0             0             0 
   202      0.219677       0.20837             0     0.0113073             0             0             0             0             0             0 
   203      -1.25217      -1.28921             0     0.0370478             0             0             0             0             0             0 
   204      0.920325      0.996688             0    -0.0763623             0             0             0             0             0             0 
   205      0.182023      0.168976             0     0.0130468             0             0             0             0             0             0 
   206      0.637444      0.599181             0     0.0382626             0             0             0             0             0             0 
   213     -0.169381     -0.338933             0      0.169552             0             0             0             0             0             0 
   214       0.34555      0.407045             0    -0.0614948             0             0             0             0             0             0 
   215      0.564766      0.649201             0    -0.0844346             0             0             0             0             0             0 
   216     -0.167258      -0.13968             0    -0.0275786             0             0             0             0             0             0 
   217     -0.432165      -0.42259             0   -0.00957473             0             0             0             0             0             0 
   218     0.0335616     0.0204486             0     0.0131131             0             0             0             0             0             0 
   219      0.466226       0.53855             0    -0.0723235             0             0             0             0             0             0 
   220     -0.573277     -0.587259             0     0.0139823             0             0             0             0             0             0 
   221     -0.727218     -0.763406             0     0.0361879             0             0             0             0             0             0 
   222      0.682202      0.749001             0    -0.0667992             0             0             0             0             0             0 
   223     0.0788824     0.0696974             0    0.00918498             0             0             0             0             0             0 
   224     -0.758146     -0.790879             0     0.0327334             0             0             0             0             0             0 
   225     -0.163468    -0.0756915             0    -0.0877765             0             0             0             0             0             0 
   226      0.651831      0.629216             0     0.0226147             0             0             0             0             0             0 
   227      0.919008      0.875645             0     0.0433628             0             0             0             0             0             0 
   234    -0.0492323      -0.18032             0      0.131088             0             0             0             0             0             0 
   235     0.0491048      0.105747             0    -0.0566421             0             0             0             0             0             0 
   236      0.215014      0.280011             0    -0.0649974             0             0             0             0             0             0 
   237     0.0658645     0.0967588             0    -0.0308943             0             0             0             0             0             0 
   238     -0.178376     -0.139316             0    -0.0390602             0             0             0             0             0             0 
   239      -0.22765     -0.242971             0     0.0153218             0             0             0             0             0             0 
   240      0.172284      0.229242             0    -0.0569587             0             0             0             0             0             0 
   241      -0.14588     -0.131591             0    -0.0142889             0             0             0             0             0             0 
   242     -0.261298     -0.290468             0     0.0291704             0             0             0             0             0             0 
   243     -0.139889     -0.107415             0    -0.0324735             0             0             0             0             0             0 
   244    -0.0529777    -0.0761107             0      0.023133             0             0             0             0             0             0 
   245       0.18785      0.171831             0     0.0160189             0             0             0             0             0             0 
   246     -0.832056     -0.734356             0    -0.0976997             0             0             0             0             0             0 
   247      0.778554        0.7531             0     0.0254545             0             0             0             0             0             0 
   248      0.974976      0.926826             0     0.0481501             0             0             0             0             0             0 
   255   -0.00915683    -0.0864005             0     0.0772437             0             0             0             0             0             0 
   256      0.132249      0.214708             0    -0.0824592             0             0             0             0             0             0 
   257    -0.0177354     0.0203106             0     -0.038046             0             0             0             0             0             0 
   258   -0.00257423    0.00351715             0   -0.00609139             0             0             0             0             0             0 
   259      0.216557      0.281218             0    -0.0646613             0             0             0             0             0             0 
   260    0.00443924     0.0011067             0    0.00333253             0             0             0             0             0             0 
   261     0.0816761     0.0896357             0   -0.00795963             0             0             0             0             0             0 
   262     0.0730691      0.113525             0    -0.0404557             0             0             0             0             0             0 
   263      0.354421      0.349679             0    0.00474179             0             0             0             0             0             0 
   264    -0.0491203    -0.0275937             0    -0.0215266             0             0             0             0             0             0 
   265     -0.493023      -0.48188             0     -0.011143             0             0             0             0             0             0 
   266      0.536131      0.525548             0     0.0105833             0             0             0             0             0             0 
   267      -0.19852      -0.08284             0      -0.11568             0             0             0             0             0             0 
   268     0.0951348     0.0953123             0  -0.000177528             0             0             0             0             0             0 
   269      0.614224        0.5571             0     0.0571234             0             0             0             0             0             0 
   318    -0.0890315     -0.100285             0     0.0112539             0             0             0             0             0             0 
   319     -0.332913     -0.322025             0    -0.0108883             0             0             0             0             0             0 
   320     0.0546391     0.0601362             0    -0.0054971             0             0             0             0             0             0 
   321    -0.0359959    -0.0317275             0   -0.00426847             0             0             0             0             0             0 
   322     -0.488353     -0.506321             0     0.0179684             0             0             0             0             0             0 
   323      0.544082      0.541907             0    0.00217501             0             0             0             0             0             0 
   324    -0.0512066    -0.0397981             0    -0.0114086             0             0             0             0             0             0 
   325    -0.0766336    -0.0943588             0     0.0177252             0             0             0             0             0             0 
   326      0.390913      0.385107             0    0.00580596             0             0             0             0             0             0 
   327    0.00851635     0.0467194             0     -0.038203             0             0             0             0             0             0 
   328      0.164795      0.151157             0     0.0136373             0             0             0             0             0             0 
   329       0.26591      0.246657             0     0.0192526             0             0             0             0             0             0 
   330     0.0147436     0.0497462             0    -0.0350027             0             0             0             0             0             0 
   331      0.195399      0.185806             0    0.00959271             0             0             0             0             0             0 
   332      0.739012       0.72128             0      0.017732             0             0             0             0             0             0 
   339     -0.118071     -0.128454             0     0.0103833             0             0             0             0             0             0 
   340     -0.566306     -0.553323             0    -0.0129833             0             0             0             0             0             0 
   341      0.267846      0.272878             0   -0.00503163             0             0             0             0             0             0 
   342     0.0675408     0.0914402             0    -0.0238994             0             0             0             0             0             0 
   343      -1.05257      -1.13111             0     0.0785384             0             0             0             0             0             0 
   344       1.66907       1.65691             0     0.0121575             0             0             0             0             0             0 
   345      0.288739       0.30174             0     -0.013001             0             0             0             0             0             0 
   346    -0.0830146     -0.159891             0     0.0768768             0             0             0             0             0             0 
   347      0.984935      0.978159             0    0.00677619             0             0             0             0             0             0 
   348      0.960927       1.00191             0    -0.0409827             0             0             0             0             0             0 
   349     -0.172603     -0.187795             0     0.0151918             0             0             0             0             0             0 
   350      0.053561     0.0329716             0     0.0205894             0             0             0             0             0             0 
   351       1.09411        1.1608             0    -0.0666842             0             0             0             0             0             0 
   352     -0.908355     -0.919941             0     0.0115865             0             0             0             0             0             0 
   353       1.97919       1.94548             0      0.033709             0             0             0             0             0             0 
   360   0.000185825    -0.0247765             0     0.0249623             0             0             0             0             0             0 
   361     -0.287604     -0.287444             0   -0.00016026             0             0             0             0             0             0 
   362       0.34482        0.3571             0    -0.0122803             0             0             0             0             0             0 
   363      0.215438      0.232854             0    -0.0174164             0             0             0             0             0             0 
   364      -1.15865      -1.23229             0     0.0736399             0             0             0             0             0             0 
   365       1.27663       1.26777             0    0.00886596             0             0             0             0             0             0 
   366      0.309919      0.326075             0     -0.016156             0             0             0             0             0             0 
   367     -0.380158     -0.442379             0     0.0622215             0             0             0             0             0             0 
   368      0.798424      0.790091             0    0.00833266             0             0             0             0             0             0 
   369      0.367999       0.40365             0    -0.0356507             0             0             0             0             0             0 
   370      0.197363      0.186199             0     0.0111637             0             0             0             0             0             0 
   371    -0.0329477    -0.0506367             0     0.0176891             0             0             0             0             0             0 
   372     -0.597833        -0.527             0    -0.0708331             0             0             0             0             0             0 
   373      0.671308      0.654509             0     0.0167994             0             0             0             0             0             0 
   374       1.50256       1.46711             0     0.0354506             0             0             0             0             0             0 
   381    0.00894317    -0.0193338             0      0.028277             0             0             0             0             0             0 
   382    -0.0289745    -0.0186188             0    -0.0103556             0             0             0             0             0             0 
   383     0.0573179     0.0712123             0    -0.0138944             0             0             0             0             0             0 
   384     0.0994318      0.105528             0   -0.00609589             0             0             0             0             0             0 
   385      -0.26374     -0.261605             0   -0.00213463             0             0             0             0             0             0 
   386      0.106403      0.103227             0     0.0031765             0             0             0             0             0             0 
   387     0.0773731     0.0852527             0   -0.00787954             0             0             0             0             0             0 
   388     -0.166529      -0.16116             0   -0.00536929             0             0             0             0             0             0 
   389      0.109949      0.105626             0     0.0043229             0             0             0             0             0             0 
   390     -0.273599     -0.257904             0     -0.015695             0             0             0             0             0             0 
   391      0.100461     0.0924115             0    0.00804964             0             0             0             0             0             0 
   392      0.247501      0.239655             0    0.00784579             0             0             0             0             0             0 
   393      -1.38275      -1.32062             0    -0.0621325             0             0             0             0             0             0 
   394       1.10843       1.09512             0      0.013312             0             0             0             0             0             0 
   395      0.934709      0.903924             0     0.0307843             0             0             0             0             0             0 
   402  -0.000610872    -0.0165936             0     0.0159827             0             0             0             0             0             0 
   403     0.0799392     0.0978643             0    -0.0179251             0             0             0             0             0             0 
   404    -0.0133356   -0.00561883             0   -0.00771677             0             0             0             0             0             0 
   405  -0.000798088    0.00261555             0   -0.00341364             0             0             0             0             0             0 
   406      0.129467      0.144966             0    -0.0154987             0             0             0             0             0             0 
   407     0.0308698     0.0289389             0    0.00193084             0             0             0             0             0             0 
   408     0.0230674     0.0217362             0    0.00133127             0             0             0             0             0             0 
   409     0.0251416     0.0383157             0    -0.0131741             0             0             0             0             0             0 
   410      0.194269      0.194517             0  -0.000247922             0             0             0             0             0             0 
   411    -0.0693784    -0.0588982             0    -0.0104803             0             0             0             0             0             0 
   412     -0.296293     -0.295914             0  -0.000378373             0             0             0             0             0             0 
   413      0.154768      0.149506             0    0.00526206             0             0             0             0             0             0 
   414     -0.170716     -0.110029             0    -0.0606867             0             0             0             0             0             0 
   415     0.0381028     0.0398698             0     -0.001767             0             0             0             0             0             0 
   416      0.263127      0.233071             0     0.0300558             0             0             0             0             0             0 
