#varID         total       dxdbVol      dxdbSurf          dSdb          dndb    dxdbDirect          dVdb      distance       options          dvdb
   171    -0.0862008      -0.19296             0      0.106759             0             0             0             0             0             0 
   172     -0.121642     -0.085926             0    -0.0357163             0             0             0             0             0             0 
   173     -0.227717     -0.174749             0    -0.0529675             0             0             0             0             0             0 
   174     -0.182889     -0.188621             0    0.00573244             0             0             0             0             0             0 
   175    -0.0145665     0.0104343             0    -0.0250008             0             0             0             0             0             0 
   176      0.313073      0.316502             0   -0.00342853             0             0             0             0             0             0 
   177     -0.156897     -0.095132             0    -0.0617648             0             0             0             0             0             0 
   178      -0.12117     -0.121278             0   0.000108081             0             0             0             0             0             0 
   179      0.588053      0.557466             0      0.030587             0             0             0             0             0             0 
   180      0.112618      0.211424             0    -0.0988058             0             0             0             0             0             0 
   181      0.280127      0.265955             0     0.0141725             0             0             0             0             0             0 
   182     -0.397417     -0.446562             0     0.0491451             0             0             0             0             0             0 
   183    -0.0497638    0.00516813             0     -0.054932             0             0             0             0             0             0 
   184      0.852914      0.841484             0     0.0114297             0             0             0             0             0             0 
   185    -0.0188607    -0.0464915             0     0.0276308             0             0             0             0             0             0 
   192      -0.20979     -0.341602             0      0.131812             0             0             0             0             0             0 
   193     0.0553046      0.122471             0    -0.0671666             0             0             0             0             0             0 
   194      0.210893      0.276504             0     -0.065611             0             0             0             0             0             0 
   195     -0.541581     -0.543475             0      0.001894             0             0             0             0             0             0 
   196      0.268893      0.286938             0     -0.018045             0             0             0             0             0             0 
   197      0.309427      0.311089             0   -0.00166257             0             0             0             0             0             0 
   198     0.0544012     0.0894032             0     -0.035002             0             0             0             0             0             0 
   199      0.145276      0.119403             0      0.025873             0             0             0             0             0             0 
   200     -0.287778     -0.305002             0     0.0172237             0             0             0             0             0             0 
   201       1.23403       1.31067             0    -0.0766458             0             0             0             0             0             0 
   202     0.0937602     0.0807218             0     0.0130383             0             0             0             0             0             0 
   203      -1.11614      -1.15401             0     0.0378712             0             0             0             0             0             0 
   204      0.832787      0.912335             0    -0.0795484             0             0             0             0             0             0 
   205     0.0529504      0.039768             0     0.0131824             0             0             0             0             0             0 
   206      0.756216      0.716356             0     0.0398607             0             0             0             0             0             0 
   213     -0.155153     -0.325298             0      0.170145             0             0             0             0             0             0 
   214      0.349174      0.410529             0    -0.0613548             0             0             0             0             0             0 
   215      0.574471      0.659195             0    -0.0847245             0             0             0             0             0             0 
   216     -0.154808     -0.128702             0    -0.0261061             0             0             0             0             0             0 
   217     -0.385798     -0.376952             0   -0.00884627             0             0             0             0             0             0 
   218      0.035501     0.0231173             0     0.0123837             0             0             0             0             0             0 
   219      0.475496      0.543739             0    -0.0682426             0             0             0             0             0             0 
   220     -0.622565     -0.637143             0     0.0145776             0             0             0             0             0             0 
   221     -0.666808     -0.700939             0      0.034131             0             0             0             0             0             0 
   222       0.62281      0.693288             0    -0.0704781             0             0             0             0             0             0 
   223     0.0335778     0.0251334             0    0.00844437             0             0             0             0             0             0 
   224     -0.643261     -0.677792             0     0.0345316             0             0             0             0             0             0 
   225     -0.209385     -0.117317             0    -0.0920674             0             0             0             0             0             0 
   226      0.580449      0.558576             0     0.0218729             0             0             0             0             0             0 
   227      0.839199      0.793667             0     0.0455312             0             0             0             0             0             0 
   234    -0.0453233     -0.177265             0      0.131942             0             0             0             0             0             0 
   235     0.0417152     0.0981648             0    -0.0564496             0             0             0             0             0             0 
   236      0.252849      0.318268             0    -0.0654189             0             0             0             0             0             0 
   237     0.0597699     0.0891942             0    -0.0294243             0             0             0             0             0             0 
   238     -0.171654      -0.13278             0     -0.038874             0             0             0             0             0             0 
   239     -0.183185     -0.197773             0     0.0145885             0             0             0             0             0             0 
   240      0.156637       0.21192             0    -0.0552834             0             0             0             0             0             0 
   241     -0.138002     -0.122343             0     -0.015659             0             0             0             0             0             0 
   242     -0.215474     -0.243805             0     0.0283307             0             0             0             0             0             0 
   243     -0.152425      -0.11661             0    -0.0358149             0             0             0             0             0             0 
   244    -0.0432923    -0.0646594             0      0.021367             0             0             0             0             0             0 
   245      0.229871      0.212191             0     0.0176797             0             0             0             0             0             0 
   246     -0.777653      -0.67746             0     -0.100193             0             0             0             0             0             0 
   247      0.709003      0.683856             0     0.0251468             0             0             0             0             0             0 
   248      0.760027       0.71061             0     0.0494172             0             0             0             0             0             0 
   255   -0.00559371    -0.0836415             0     0.0780478             0             0             0             0             0             0 
   256      0.111276      0.194157             0    -0.0828811             0             0             0             0             0             0 
   257    0.00694317     0.0453881             0    -0.0384449             0             0             0             0             0             0 
   258  -0.000679532    0.00467348             0   -0.00535301             0             0             0             0             0             0 
   259      0.192528      0.257944             0    -0.0654159             0             0             0             0             0             0 
   260     0.0178226     0.0148569             0    0.00296567             0             0             0             0             0             0 
   261      0.075702     0.0832008             0   -0.00749877             0             0             0             0             0             0 
   262     0.0798302      0.122049             0    -0.0422186             0             0             0             0             0             0 
   263      0.346792      0.342274             0    0.00451761             0             0             0             0             0             0 
   264    -0.0587669    -0.0354758             0    -0.0232911             0             0             0             0             0             0 
   265     -0.458702     -0.447026             0    -0.0116758             0             0             0             0             0             0 
   266      0.544735      0.533267             0     0.0114679             0             0             0             0             0             0 
   267     -0.195086    -0.0781648             0     -0.116922             0             0             0             0             0             0 
   268     0.0592301      0.058479             0   0.000751116             0             0             0             0             0             0 
   269      0.463851      0.406097             0     0.0577537             0             0             0             0             0             0 
   318    -0.0734034     -0.084855             0     0.0114516             0             0             0             0             0             0 
   319      -0.29482     -0.283875             0     -0.010945             0             0             0             0             0             0 
   320     0.0452229     0.0508198             0   -0.00559688             0             0             0             0             0             0 
   321    -0.0435893    -0.0392744             0   -0.00431489             0             0             0             0             0             0 
   322     -0.407906      -0.42619             0     0.0182833             0             0             0             0             0             0 
   323      0.486207      0.484009             0    0.00219756             0             0             0             0             0             0 
   324    -0.0478848    -0.0368233             0    -0.0110616             0             0             0             0             0             0 
   325    -0.0479725     -0.066261             0     0.0182885             0             0             0             0             0             0 
   326      0.332107      0.326475             0    0.00563217             0             0             0             0             0             0 
   327     0.0438212     0.0825785             0    -0.0387572             0             0             0             0             0             0 
   328     0.0849841     0.0707769             0     0.0142071             0             0             0             0             0             0 
   329      0.301017      0.281492             0     0.0195249             0             0             0             0             0             0 
   330     0.0208316      0.056576             0    -0.0357444             0             0             0             0             0             0 
   331     0.0896845      0.079933             0    0.00975152             0             0             0             0             0             0 
   332      0.806893      0.788788             0      0.018105             0             0             0             0             0             0 
   339    -0.0992174     -0.110112             0     0.0108945             0             0             0             0             0             0 
   340     -0.463312     -0.450148             0    -0.0131635             0             0             0             0             0             0 
   341      0.241384      0.246672             0   -0.00528854             0             0             0             0             0             0 
   342     0.0204941      0.044269             0    -0.0237749             0             0             0             0             0             0 
   343     -0.862378     -0.941597             0     0.0792189             0             0             0             0             0             0 
   344       1.50622       1.49412             0     0.0120955             0             0             0             0             0             0 
   345      0.270757      0.282992             0    -0.0122343             0             0             0             0             0             0 
   346    -0.0911724     -0.168988             0     0.0778152             0             0             0             0             0             0 
   347      0.860832      0.854443             0    0.00638886             0             0             0             0             0             0 
   348      0.916188      0.958573             0    -0.0423849             0             0             0             0             0             0 
   349     -0.246717     -0.262413             0     0.0156952             0             0             0             0             0             0 
   350      0.131023      0.109746             0     0.0212771             0             0             0             0             0             0 
   351      0.962376       1.03113             0    -0.0687539             0             0             0             0             0             0 
   352      -0.94047     -0.952045             0     0.0115746             0             0             0             0             0             0 
   353       2.02296        1.9882             0     0.0347558             0             0             0             0             0             0 
   360   -0.00501202    -0.0305061             0     0.0254941             0             0             0             0             0             0 
   361     -0.189246     -0.188891             0  -0.000355157             0             0             0             0             0             0 
   362      0.308852      0.321397             0    -0.0125451             0             0             0             0             0             0 
   363      0.195878      0.212917             0    -0.0170394             0             0             0             0             0             0 
   364      -1.02102      -1.09454             0      0.073514             0             0             0             0             0             0 
   365       1.13364       1.12496             0    0.00868048             0             0             0             0             0             0 
   366      0.352518      0.367646             0    -0.0151275             0             0             0             0             0             0 
   367     -0.458685       -0.5209             0     0.0622142             0             0             0             0             0             0 
   368      0.721592      0.713777             0    0.00781478             0             0             0             0             0             0 
   369      0.328765      0.366569             0    -0.0378042             0             0             0             0             0             0 
   370      0.137219      0.126434             0     0.0107857             0             0             0             0             0             0 
   371    0.00916768   -0.00959089             0     0.0187586             0             0             0             0             0             0 
   372     -0.677012     -0.603455             0    -0.0735572             0             0             0             0             0             0 
   373      0.631854      0.615419             0     0.0164353             0             0             0             0             0             0 
   374       1.38305       1.34621             0     0.0368408             0             0             0             0             0             0 
   381    0.00697473     -0.021547             0     0.0285217             0             0             0             0             0             0 
   382      -0.02159    -0.0112334             0    -0.0103566             0             0             0             0             0             0 
   383     0.0596492     0.0736646             0    -0.0140154             0             0             0             0             0             0 
   384     0.0955968      0.101374             0   -0.00577676             0             0             0             0             0             0 
   385     -0.249078     -0.246864             0    -0.0022142             0             0             0             0             0             0 
   386     0.0920532     0.0890352             0    0.00301804             0             0             0             0             0             0 
   387     0.0794844     0.0869037             0   -0.00741929             0             0             0             0             0             0 
   388     -0.168972     -0.163084             0   -0.00588814             0             0             0             0             0             0 
   389      0.101656     0.0975627             0      0.004093             0             0             0             0             0             0 
   390     -0.264405     -0.247249             0    -0.0171559             0             0             0             0             0             0 
   391     0.0893175      0.081931             0    0.00738644             0             0             0             0             0             0 
   392       0.23402      0.225443             0      0.008577             0             0             0             0             0             0 
   393      -1.29932      -1.23596             0    -0.0633576             0             0             0             0             0             0 
   394       1.01891       1.00571             0     0.0132037             0             0             0             0             0             0 
   395      0.730373      0.698959             0     0.0314134             0             0             0             0             0             0 
   402  -0.000124139      -0.01627             0     0.0161458             0             0             0             0             0             0 
   403     0.0666325     0.0846411             0    -0.0180087             0             0             0             0             0             0 
   404   -0.00904141   -0.00124378             0   -0.00779763             0             0             0             0             0             0 
   405  -0.000210746    0.00309802             0   -0.00330877             0             0             0             0             0             0 
   406         0.112      0.127692             0    -0.0156916             0             0             0             0             0             0 
   407     0.0227688     0.0208895             0    0.00187926             0             0             0             0             0             0 
   408     0.0209195     0.0194774             0    0.00144208             0             0             0             0             0             0 
   409     0.0270999     0.0407326             0    -0.0136328             0             0             0             0             0             0 
   410       0.16779      0.168091             0  -0.000301348             0             0             0             0             0             0 
   411    -0.0712618    -0.0601567             0    -0.0111051             0             0             0             0             0             0 
   412      -0.26712     -0.266677             0  -0.000442963             0             0             0             0             0             0 
   413      0.138171      0.132595             0    0.00557603             0             0             0             0             0             0 
   414     -0.160927    -0.0998066             0    -0.0611206             0             0             0             0             0             0 
   415     0.0257876     0.0271055             0   -0.00131784             0             0             0             0             0             0 
   416      0.153786      0.123509             0     0.0302775             0             0             0             0             0             0 
