#varID         total       dxdbVol      dxdbSurf          dSdb          dndb    dxdbDirect          dVdb      distance       options          dvdb
   171     0.0655073    -0.0867239             0      0.152231             0             0             0             0             0             0 
   172    -0.0926095     0.0792157             0     -0.171825             0             0             0             0             0             0 
   173    -0.0265225       0.36771             0     -0.394233             0             0             0             0             0             0 
   174     0.0481363     0.0338361             0     0.0143002             0             0             0             0             0             0 
   175     -0.150372     -0.134505             0     -0.015867             0             0             0             0             0             0 
   176      0.398359      0.435279             0    -0.0369197             0             0             0             0             0             0 
   177    -0.0837507    0.00133604             0    -0.0850868             0             0             0             0             0             0 
   178     -0.116219     -0.124573             0    0.00835477             0             0             0             0             0             0 
   179      0.608857      0.392538             0      0.216319             0             0             0             0             0             0 
   180     -0.196342    -0.0465274             0     -0.149814             0             0             0             0             0             0 
   181      0.307884      0.413697             0     -0.105813             0             0             0             0             0             0 
   182     -0.598938     -0.987068             0      0.388129             0             0             0             0             0             0 
   183    -0.0676946     0.0132174             0    -0.0809119             0             0             0             0             0             0 
   184       0.39465      0.454895             0    -0.0602445             0             0             0             0             0             0 
   185     -0.642033     -0.853367             0      0.211335             0             0             0             0             0             0 
   192     0.0677888     -0.117054             0      0.184843             0             0             0             0             0             0 
   193     -0.213553      0.119352             0     -0.332905             0             0             0             0             0             0 
   194    0.00831103      0.488351             0      -0.48004             0             0             0             0             0             0 
   195      0.112689     0.0897794             0     0.0229094             0             0             0             0             0             0 
   196     -0.300456     -0.359732             0     0.0592767             0             0             0             0             0             0 
   197      0.394754      0.453046             0    -0.0582919             0             0             0             0             0             0 
   198    -0.0282051     0.0168873             0    -0.0450925             0             0             0             0             0             0 
   199      0.112618    -0.0995891             0      0.212207             0             0             0             0             0             0 
   200      0.350265      0.234436             0      0.115829             0             0             0             0             0             0 
   201     0.0419603      0.179872             0     -0.137911             0             0             0             0             0             0 
   202      0.313721      0.349592             0    -0.0358705             0             0             0             0             0             0 
   203     -0.442054     -0.800191             0      0.358137             0             0             0             0             0             0 
   204      0.134867      0.265216             0     -0.130349             0             0             0             0             0             0 
   205      0.226885      0.269493             0    -0.0426087             0             0             0             0             0             0 
   206     -0.413951     -0.753626             0      0.339675             0             0             0             0             0             0 
   213      0.078596     -0.145084             0       0.22368             0             0             0             0             0             0 
   214     -0.152314     0.0514174             0     -0.203732             0             0             0             0             0             0 
   215     -0.033191      0.544443             0     -0.577634             0             0             0             0             0             0 
   216     0.0099193    -0.0106546             0     0.0205739             0             0             0             0             0             0 
   217      0.017188    -0.0747923             0     0.0919803             0             0             0             0             0             0 
   218      0.282828      0.334833             0    -0.0520057             0             0             0             0             0             0 
   219     -0.148911     -0.094318             0    -0.0545932             0             0             0             0             0             0 
   220      0.359768       0.17944             0      0.180327             0             0             0             0             0             0 
   221      0.203793     0.0667823             0      0.137011             0             0             0             0             0             0 
   222      0.105594      0.264137             0     -0.158543             0             0             0             0             0             0 
   223     0.0964617     0.0325818             0       0.06388             0             0             0             0             0             0 
   224     -0.268023     -0.676398             0      0.408376             0             0             0             0             0             0 
   225      0.191171      0.356821             0      -0.16565             0             0             0             0             0             0 
   226    -0.0242561     -0.104894             0     0.0806379             0             0             0             0             0             0 
   227     -0.242023      -0.67323             0      0.431206             0             0             0             0             0             0 
   234     0.0393481     -0.126758             0      0.166106             0             0             0             0             0             0 
   235    -0.0262986     0.0682501             0    -0.0945487             0             0             0             0             0             0 
   236    -0.0624245      0.365659             0     -0.428084             0             0             0             0             0             0 
   237     0.0121567    -0.0117913             0      0.023948             0             0             0             0             0             0 
   238     -0.018022     0.0382681             0      -0.05629             0             0             0             0             0             0 
   239     0.0407358      0.102679             0    -0.0619434             0             0             0             0             0             0 
   240    -0.0107878     0.0270875             0    -0.0378753             0             0             0             0             0             0 
   241      0.013161     0.0412308             0    -0.0280698             0             0             0             0             0             0 
   242      0.026995    -0.0669676             0     0.0939626             0             0             0             0             0             0 
   243   -0.00303426      0.129458             0     -0.132493             0             0             0             0             0             0 
   244     0.0377364    -0.0193652             0     0.0571017             0             0             0             0             0             0 
   245    -0.0760937     -0.419214             0       0.34312             0             0             0             0             0             0 
   246    -0.0220548      0.132549             0     -0.154604             0             0             0             0             0             0 
   247   -0.00947993      -0.10871             0     0.0992304             0             0             0             0             0             0 
   248    -0.0774624     -0.481538             0      0.404075             0             0             0             0             0             0 
   255     0.0274149    -0.0680753             0     0.0954902             0             0             0             0             0             0 
   256    -0.0591857     0.0848434             0     -0.144029             0             0             0             0             0             0 
   257    -0.0288042      0.219442             0     -0.248246             0             0             0             0             0             0 
   258     0.0486259     0.0109432             0     0.0376827             0             0             0             0             0             0 
   259     -0.242158     -0.100865             0     -0.141293             0             0             0             0             0             0 
   260     -0.059963     0.0369714             0    -0.0969344             0             0             0             0             0             0 
   261     0.0785123      0.067828             0     0.0106843             0             0             0             0             0             0 
   262     -0.284335     -0.161646             0     -0.122689             0             0             0             0             0             0 
   263    -0.0236665    0.00407737             0    -0.0277438             0             0             0             0             0             0 
   264    -0.0141463     0.0804094             0    -0.0945557             0             0             0             0             0             0 
   265    0.00341969    -0.0792665             0     0.0826861             0             0             0             0             0             0 
   266      0.060612     -0.189944             0      0.250556             0             0             0             0             0             0 
   267     -0.173839    -0.0278191             0      -0.14602             0             0             0             0             0             0 
   268      0.133521    -0.0341287             0       0.16765             0             0             0             0             0             0 
   269     0.0353822     -0.348407             0       0.38379             0             0             0             0             0             0 
   318     0.0029331     -0.016977             0     0.0199101             0             0             0             0             0             0 
   319    -0.0836403     0.0525497             0      -0.13619             0             0             0             0             0             0 
   320    0.00178721     0.0547948             0    -0.0530076             0             0             0             0             0             0 
   321      0.030017     0.0309424             0  -0.000925449             0             0             0             0             0             0 
   322     -0.137518     -0.143728             0    0.00620924             0             0             0             0             0             0 
   323      0.064143     0.0613456             0    0.00279737             0             0             0             0             0             0 
   324    -0.0091075    0.00400788             0    -0.0131154             0             0             0             0             0             0 
   325    -0.0408387    -0.0757307             0      0.034892             0             0             0             0             0             0 
   326      0.116296     0.0821251             0      0.034171             0             0             0             0             0             0 
   327    -0.0799315    -0.0235254             0     -0.056406             0             0             0             0             0             0 
   328      0.201754      0.259926             0    -0.0581717             0             0             0             0             0             0 
   329     -0.216433     -0.362682             0      0.146248             0             0             0             0             0             0 
   330    -0.0247444     0.0262886             0    -0.0510329             0             0             0             0             0             0 
   331      0.211874      0.259723             0    -0.0478486             0             0             0             0             0             0 
   332     -0.258215     -0.390776             0      0.132561             0             0             0             0             0             0 
   339     0.0192174     -0.004161             0     0.0233784             0             0             0             0             0             0 
   340     -0.204395      0.056158             0     -0.260553             0             0             0             0             0             0 
   341    0.00522558     0.0690151             0    -0.0637895             0             0             0             0             0             0 
   342      0.096483      0.109891             0    -0.0134083             0             0             0             0             0             0 
   343      -0.28348     -0.400754             0      0.117274             0             0             0             0             0             0 
   344      0.134782     0.0982248             0     0.0365575             0             0             0             0             0             0 
   345    -0.0216859    -0.0144699             0   -0.00721594             0             0             0             0             0             0 
   346      0.112494      -0.14138             0      0.253875             0             0             0             0             0             0 
   347      0.135196      0.113443             0     0.0217532             0             0             0             0             0             0 
   348     0.0506687       0.12253             0    -0.0718609             0             0             0             0             0             0 
   349      0.175866      0.192135             0    -0.0162688             0             0             0             0             0             0 
   350     -0.177008     -0.363608             0        0.1866             0             0             0             0             0             0 
   351      0.137748      0.251656             0     -0.113908             0             0             0             0             0             0 
   352     0.0949882       0.14011             0    -0.0451214             0             0             0             0             0             0 
   353     -0.226817     -0.522283             0      0.295466             0             0             0             0             0             0 
   360     0.0337906   -0.00438152             0     0.0381721             0             0             0             0             0             0 
   361     -0.149157    -0.0256363             0     -0.123521             0             0             0             0             0             0 
   362  -7.99837e-05     0.0996747             0    -0.0997547             0             0             0             0             0             0 
   363    -0.0216021      -0.01884             0   -0.00276213             0             0             0             0             0             0 
   364     0.0331721     -0.137213             0      0.170385             0             0             0             0             0             0 
   365       0.10878     0.0987244             0     0.0100561             0             0             0             0             0             0 
   366     -0.181428     -0.177505             0   -0.00392292             0             0             0             0             0             0 
   367      0.377575      0.142283             0      0.235292             0             0             0             0             0             0 
   368     0.0708611     0.0595216             0     0.0113395             0             0             0             0             0             0 
   369     0.0594472       0.13731             0    -0.0778626             0             0             0             0             0             0 
   370     0.0732473     0.0113099             0     0.0619375             0             0             0             0             0             0 
   371     -0.106589     -0.307025             0      0.200437             0             0             0             0             0             0 
   372      0.119176      0.253209             0     -0.134033             0             0             0             0             0             0 
   373   -0.00365619    -0.0872074             0     0.0835512             0             0             0             0             0             0 
   374     -0.134043     -0.482062             0      0.348019             0             0             0             0             0             0 
   381     0.0089696    -0.0252345             0     0.0342041             0             0             0             0             0             0 
   382    -0.0166799    0.00476691             0    -0.0214468             0             0             0             0             0             0 
   383    -0.0191133     0.0685017             0     -0.087615             0             0             0             0             0             0 
   384    -0.0194105    -0.0259369             0    0.00652644             0             0             0             0             0             0 
   385     0.0350148     0.0254338             0    0.00958108             0             0             0             0             0             0 
   386     -0.015881  -5.53147e-05             0    -0.0158257             0             0             0             0             0             0 
   387    -0.0304133    -0.0311157             0   0.000702368             0             0             0             0             0             0 
   388     0.0490593     0.0432393             0    0.00582001             0             0             0             0             0             0 
   389    -0.0348211    -0.0328122             0   -0.00200895             0             0             0             0             0             0 
   390   3.74095e-05     0.0534909             0    -0.0534535             0             0             0             0             0             0 
   391    0.00862766    -0.0219732             0     0.0306008             0             0             0             0             0             0 
   392    -0.0290707     -0.167453             0      0.138382             0             0             0             0             0             0 
   393    -0.0130776     0.0773852             0    -0.0904628             0             0             0             0             0             0 
   394     0.0100335    -0.0590894             0     0.0691229             0             0             0             0             0             0 
   395    -0.0439525     -0.280259             0      0.236307             0             0             0             0             0             0 
   402    0.00343394    -0.0148458             0     0.0182798             0             0             0             0             0             0 
   403    -0.0191558    0.00716474             0    -0.0263205             0             0             0             0             0             0 
   404    -0.0198486     0.0271609             0    -0.0470094             0             0             0             0             0             0 
   405      0.006853  -6.29238e-06             0     0.0068593             0             0             0             0             0             0 
   406    -0.0504457    -0.0228806             0    -0.0275652             0             0             0             0             0             0 
   407    -0.0669548     -0.050334             0    -0.0166208             0             0             0             0             0             0 
   408     0.0137318    0.00632909             0    0.00740276             0             0             0             0             0             0 
   409    -0.0566804    -0.0277856             0    -0.0288947             0             0             0             0             0             0 
   410    -0.0840924    -0.0660934             0     -0.017999             0             0             0             0             0             0 
   411   -0.00721464     0.0280969             0    -0.0353115             0             0             0             0             0             0 
   412     0.0121819     -0.014663             0     0.0268449             0             0             0             0             0             0 
   413     0.0190899    -0.0744243             0     0.0935142             0             0             0             0             0             0 
   414    -0.0420362     0.0278527             0    -0.0698889             0             0             0             0             0             0 
   415     0.0459654    -0.0109868             0     0.0569522             0             0             0             0             0             0 
   416     0.0690629     -0.113887             0       0.18295             0             0             0             0             0             0 
