#varID         total       dxdbVol      dxdbSurf          dSdb          dndb    dxdbDirect          dVdb      distance       options          dvdb
   171     0.0487813     -0.138318             0        0.1871             0             0             0             0             0             0 
   172    -0.0757374     0.0599851             0     -0.135722             0             0             0             0             0             0 
   173     -0.241191      0.241772             0     -0.482962             0             0             0             0             0             0 
   174     0.0854246     0.0538427             0     0.0315819             0             0             0             0             0             0 
   175     -0.132625     -0.123663             0   -0.00896208             0             0             0             0             0             0 
   176      0.328944      0.410809             0    -0.0818643             0             0             0             0             0             0 
   177    -0.0802428     0.0441138             0     -0.124357             0             0             0             0             0             0 
   178     -0.105921    -0.0896797             0    -0.0162411             0             0             0             0             0             0 
   179      0.683239      0.366879             0       0.31636             0             0             0             0             0             0 
   180     -0.188912   -0.00490267             0      -0.18401             0             0             0             0             0             0 
   181      0.334161      0.470226             0     -0.136065             0             0             0             0             0             0 
   182     -0.475496     -0.951105             0      0.475609             0             0             0             0             0             0 
   183    -0.0245408     0.0575519             0    -0.0820928             0             0             0             0             0             0 
   184       0.39893      0.464911             0    -0.0659813             0             0             0             0             0             0 
   185     -0.580184     -0.794395             0      0.214211             0             0             0             0             0             0 
   192     0.0521694     -0.166024             0      0.218193             0             0             0             0             0             0 
   193     -0.194763     0.0586356             0     -0.253398             0             0             0             0             0             0 
   194     -0.174458      0.390561             0     -0.565019             0             0             0             0             0             0 
   195      0.149869      0.106023             0     0.0438453             0             0             0             0             0             0 
   196     -0.302044      -0.33608             0     0.0340364             0             0             0             0             0             0 
   197      0.352554      0.465552             0     -0.112999             0             0             0             0             0             0 
   198    -0.0181252     0.0761885             0    -0.0943137             0             0             0             0             0             0 
   199     0.0968394    -0.0320469             0      0.128886             0             0             0             0             0             0 
   200       0.45955      0.217843             0      0.241707             0             0             0             0             0             0 
   201     0.0208917      0.201633             0     -0.180741             0             0             0             0             0             0 
   202      0.316754      0.382739             0     -0.065985             0             0             0             0             0             0 
   203     -0.342009     -0.810042             0      0.468032             0             0             0             0             0             0 
   204      0.135793      0.268397             0     -0.132604             0             0             0             0             0             0 
   205      0.237455      0.284612             0    -0.0471567             0             0             0             0             0             0 
   206     -0.398418     -0.743611             0      0.345193             0             0             0             0             0             0 
   213     0.0607766     -0.187312             0      0.248089             0             0             0             0             0             0 
   214     -0.175765    -0.0103667             0     -0.165398             0             0             0             0             0             0 
   215     -0.174341      0.465798             0     -0.640139             0             0             0             0             0             0 
   216     0.0262774    -0.0151339             0     0.0414113             0             0             0             0             0             0 
   217    0.00345241    -0.0387739             0     0.0422263             0             0             0             0             0             0 
   218      0.271474      0.377381             0     -0.105907             0             0             0             0             0             0 
   219     -0.158368    -0.0704144             0    -0.0879538             0             0             0             0             0             0 
   220       0.39167      0.273106             0      0.118564             0             0             0             0             0             0 
   221      0.313158     0.0905628             0      0.222595             0             0             0             0             0             0 
   222     0.0825442      0.279107             0     -0.196563             0             0             0             0             0             0 
   223      0.108906      0.048461             0     0.0604445             0             0             0             0             0             0 
   224     -0.199219     -0.705381             0      0.506162             0             0             0             0             0             0 
   225      0.160886      0.332436             0      -0.17155             0             0             0             0             0             0 
   226    -0.0250106     -0.119293             0     0.0942821             0             0             0             0             0             0 
   227     -0.182469     -0.628803             0      0.446333             0             0             0             0             0             0 
   234     0.0281702     -0.150287             0      0.178458             0             0             0             0             0             0 
   235    -0.0272861     0.0639311             0    -0.0912172             0             0             0             0             0             0 
   236     -0.151539      0.308193             0     -0.459732             0             0             0             0             0             0 
   237     0.0201318    -0.0135549             0     0.0336868             0             0             0             0             0             0 
   238    -0.0308397     0.0374046             0    -0.0682442             0             0             0             0             0             0 
   239   -0.00242906     0.0845763             0    -0.0870054             0             0             0             0             0             0 
   240    -0.0104309     0.0395383             0    -0.0499692             0             0             0             0             0             0 
   241   -0.00336305     0.0394573             0    -0.0428204             0             0             0             0             0             0 
   242      0.025008    -0.0997568             0      0.124765             0             0             0             0             0             0 
   243     0.0219898      0.171731             0     -0.149741             0             0             0             0             0             0 
   244     0.0248351     -0.038278             0     0.0631131             0             0             0             0             0             0 
   245     -0.105287     -0.492865             0      0.387578             0             0             0             0             0             0 
   246    -0.0264078      0.132134             0     -0.158541             0             0             0             0             0             0 
   247    -0.0093476     -0.124119             0      0.114771             0             0             0             0             0             0 
   248     0.0420725     -0.372257             0      0.414329             0             0             0             0             0             0 
   255     0.0188346    -0.0828573             0      0.101692             0             0             0             0             0             0 
   256    -0.0724156      0.074868             0     -0.147284             0             0             0             0             0             0 
   257    -0.0750316      0.189219             0     -0.264251             0             0             0             0             0             0 
   258     0.0579708     0.0182798             0      0.039691             0             0             0             0             0             0 
   259     -0.324108     -0.182816             0     -0.141292             0             0             0             0             0             0 
   260     -0.113377     -0.011266             0     -0.102111             0             0             0             0             0             0 
   261      0.102588     0.0969845             0    0.00560316             0             0             0             0             0             0 
   262     -0.396303     -0.265338             0     -0.130964             0             0             0             0             0             0 
   263    -0.0821315    -0.0675575             0     -0.014574             0             0             0             0             0             0 
   264     0.0367071      0.137529             0     -0.100822             0             0             0             0             0             0 
   265     -0.040107     -0.122383             0     0.0822759             0             0             0             0             0             0 
   266    -0.0191695     -0.286241             0      0.267072             0             0             0             0             0             0 
   267     -0.178575    -0.0306835             0     -0.147892             0             0             0             0             0             0 
   268      0.219481     0.0441509             0       0.17533             0             0             0             0             0             0 
   269     0.0825378      -0.30618             0      0.388718             0             0             0             0             0             0 
   318   0.000238076     -0.026265             0     0.0265031             0             0             0             0             0             0 
   319    -0.0594324     0.0452892             0     -0.104722             0             0             0             0             0             0 
   320    -0.0295287     0.0400466             0    -0.0695753             0             0             0             0             0             0 
   321     0.0312373     0.0278061             0    0.00343116             0             0             0             0             0             0 
   322     -0.110079     -0.117539             0    0.00745945             0             0             0             0             0             0 
   323     0.0309827     0.0395546             0   -0.00857187             0             0             0             0             0             0 
   324   -0.00831811     0.0100191             0    -0.0183372             0             0             0             0             0             0 
   325    -0.0399534    -0.0573979             0     0.0174445             0             0             0             0             0             0 
   326     0.0994516      0.052188             0     0.0472636             0             0             0             0             0             0 
   327    -0.0709309   -0.00856882             0    -0.0623621             0             0             0             0             0             0 
   328      0.209968      0.279894             0    -0.0699261             0             0             0             0             0             0 
   329      -0.19943      -0.36074             0       0.16131             0             0             0             0             0             0 
   330   -0.00213828      0.048423             0    -0.0505613             0             0             0             0             0             0 
   331      0.217991      0.268152             0    -0.0501608             0             0             0             0             0             0 
   332     -0.255376     -0.386572             0      0.131196             0             0             0             0             0             0 
   339     0.0144748    -0.0170354             0     0.0315102             0             0             0             0             0             0 
   340     -0.193479     0.0029175             0     -0.196397             0             0             0             0             0             0 
   341    -0.0192746     0.0650177             0    -0.0842923             0             0             0             0             0             0 
   342     0.0955039     0.0987306             0   -0.00322668             0             0             0             0             0             0 
   343     -0.269155      -0.35962             0     0.0904646             0             0             0             0             0             0 
   344      0.091772     0.0817496             0     0.0100224             0             0             0             0             0             0 
   345     -0.025873    -0.0131025             0    -0.0127705             0             0             0             0             0             0 
   346      0.129026    -0.0570804             0      0.186106             0             0             0             0             0             0 
   347      0.102113      0.066204             0     0.0359094             0             0             0             0             0             0 
   348     0.0360291      0.117774             0    -0.0817448             0             0             0             0             0             0 
   349      0.203604      0.235775             0    -0.0321714             0             0             0             0             0             0 
   350     -0.178411     -0.390258             0      0.211847             0             0             0             0             0             0 
   351      0.139154      0.255934             0      -0.11678             0             0             0             0             0             0 
   352      0.133997      0.180744             0    -0.0467472             0             0             0             0             0             0 
   353     -0.257129     -0.559696             0      0.302567             0             0             0             0             0             0 
   360     0.0302111    -0.0142148             0     0.0444259             0             0             0             0             0             0 
   361     -0.199896     -0.106173             0     -0.093723             0             0             0             0             0             0 
   362    -0.0101632       0.10552             0     -0.115683             0             0             0             0             0             0 
   363    -0.0290803    -0.0339243             0    0.00484403             0             0             0             0             0             0 
   364     0.0131457     -0.114335             0       0.12748             0             0             0             0             0             0 
   365      0.113779       0.12319             0   -0.00941084             0             0             0             0             0             0 
   366     -0.206954     -0.199626             0   -0.00732885             0             0             0             0             0             0 
   367       0.45077      0.266361             0       0.18441             0             0             0             0             0             0 
   368     0.0626017     0.0421782             0     0.0204235             0             0             0             0             0             0 
   369     0.0453774      0.133062             0    -0.0876848             0             0             0             0             0             0 
   370     0.0983912     0.0381184             0     0.0602727             0             0             0             0             0             0 
   371    -0.0985833     -0.324279             0      0.225696             0             0             0             0             0             0 
   372      0.113218      0.253759             0     -0.140541             0             0             0             0             0             0 
   373   -0.00627673     -0.105033             0     0.0987567             0             0             0             0             0             0 
   374    -0.0894929     -0.454242             0      0.364749             0             0             0             0             0             0 
   381    0.00709389    -0.0297235             0     0.0368174             0             0             0             0             0             0 
   382    -0.0254114   -0.00641594             0    -0.0189954             0             0             0             0             0             0 
   383    -0.0362902      0.057982             0    -0.0942723             0             0             0             0             0             0 
   384    -0.0209456    -0.0293688             0    0.00842316             0             0             0             0             0             0 
   385     0.0311792     0.0279465             0    0.00323271             0             0             0             0             0             0 
   386    -0.0274683   -0.00683419             0    -0.0206341             0             0             0             0             0             0 
   387    -0.0343799    -0.0332888             0   -0.00109102             0             0             0             0             0             0 
   388     0.0536018     0.0537278             0  -0.000125929             0             0             0             0             0             0 
   389    -0.0419881    -0.0445611             0    0.00257295             0             0             0             0             0             0 
   390     0.0104321     0.0684473             0    -0.0580153             0             0             0             0             0             0 
   391    0.00201643    -0.0325423             0     0.0345587             0             0             0             0             0             0 
   392    -0.0245792     -0.174711             0      0.150132             0             0             0             0             0             0 
   393    -0.0195684     0.0733041             0    -0.0928725             0             0             0             0             0             0 
   394     0.0014232    -0.0792364             0     0.0806596             0             0             0             0             0             0 
   395     0.0875104     -0.155113             0      0.242624             0             0             0             0             0             0 
   402     0.0020653    -0.0175567             0      0.019622             0             0             0             0             0             0 
   403    -0.0252692  -7.93578e-05             0    -0.0251898             0             0             0             0             0             0 
   404     -0.034613      0.015832             0     -0.050445             0             0             0             0             0             0 
   405    0.00746595   0.000730029             0    0.00673592             0             0             0             0             0             0 
   406    -0.0693988    -0.0432046             0    -0.0261943             0             0             0             0             0             0 
   407    -0.0938725    -0.0775793             0    -0.0162932             0             0             0             0             0             0 
   408      0.017073      0.010552             0      0.006521             0             0             0             0             0             0 
   409    -0.0772268    -0.0455881             0    -0.0316387             0             0             0             0             0             0 
   410     -0.101968    -0.0862578             0    -0.0157097             0             0             0             0             0             0 
   411    0.00613891     0.0426705             0    -0.0365316             0             0             0             0             0             0 
   412    0.00737227    -0.0190424             0     0.0264147             0             0             0             0             0             0 
   413     0.0308794     -0.065886             0     0.0967654             0             0             0             0             0             0 
   414    -0.0527753     0.0181637             0     -0.070939             0             0             0             0             0             0 
   415     0.0787253     0.0181711             0     0.0605542             0             0             0             0             0             0 
   416      0.177238   -0.00848088             0      0.185719             0             0             0             0             0             0 
