#varID         total       dxdbVol      dxdbSurf          dSdb          dndb    dxdbDirect          dVdb      distance       options          dvdb
   171    -0.0705484     -0.177766             0      0.107217             0             0             0             0             0             0 
   172     -0.107354    -0.0714154             0    -0.0359382             0             0             0             0             0             0 
   173     -0.227598     -0.174401             0    -0.0531969             0             0             0             0             0             0 
   174     -0.173612     -0.178682             0    0.00507021             0             0             0             0             0             0 
   175     0.0237727     0.0485775             0    -0.0248048             0             0             0             0             0             0 
   176      0.249391      0.252487             0   -0.00309573             0             0             0             0             0             0 
   177     -0.124658    -0.0646441             0    -0.0600139             0             0             0             0             0             0 
   178    -0.0887766    -0.0905859             0    0.00180929             0             0             0             0             0             0 
   179      0.471684      0.441972             0     0.0297118             0             0             0             0             0             0 
   180      0.173741      0.273829             0     -0.100087             0             0             0             0             0             0 
   181      0.189781      0.173684             0     0.0160976             0             0             0             0             0             0 
   182     -0.349098     -0.398861             0     0.0497632             0             0             0             0             0             0 
   183    -0.0203141     0.0363928             0    -0.0567068             0             0             0             0             0             0 
   184      0.691156      0.679335             0     0.0118203             0             0             0             0             0             0 
   185     0.0784451     0.0499252             0     0.0285199             0             0             0             0             0             0 
   192      -0.17708     -0.309648             0      0.132568             0             0             0             0             0             0 
   193     0.0821336      0.149496             0     -0.067362             0             0             0             0             0             0 
   194      0.210918      0.276903             0    -0.0659856             0             0             0             0             0             0 
   195     -0.528947     -0.531031             0    0.00208437             0             0             0             0             0             0 
   196      0.327097      0.344063             0    -0.0169654             0             0             0             0             0             0 
   197      0.251425      0.253178             0   -0.00175314             0             0             0             0             0             0 
   198     0.0754945      0.106945             0    -0.0314504             0             0             0             0             0             0 
   199      0.100797     0.0723689             0     0.0284278             0             0             0             0             0             0 
   200     -0.329394     -0.344827             0     0.0154324             0             0             0             0             0             0 
   201       1.22114       1.30029             0    -0.0791467             0             0             0             0             0             0 
   202    -0.0195742    -0.0343019             0     0.0147277             0             0             0             0             0             0 
   203      -1.00059      -1.03965             0     0.0390692             0             0             0             0             0             0 
   204      0.761803      0.845196             0    -0.0833927             0             0             0             0             0             0 
   205    -0.0666184    -0.0799049             0     0.0132865             0             0             0             0             0             0 
   206      0.847274      0.805482             0     0.0417921             0             0             0             0             0             0 
   213       -0.1411     -0.312166             0      0.171066             0             0             0             0             0             0 
   214      0.361752       0.42288             0     -0.061128             0             0             0             0             0             0 
   215      0.569447      0.654624             0    -0.0851762             0             0             0             0             0             0 
   216     -0.141914     -0.117578             0    -0.0243359             0             0             0             0             0             0 
   217     -0.354556     -0.346229             0   -0.00832698             0             0             0             0             0             0 
   218     0.0350332     0.0235273             0     0.0115059             0             0             0             0             0             0 
   219      0.487899      0.551796             0    -0.0638972             0             0             0             0             0             0 
   220     -0.697352     -0.711955             0     0.0146029             0             0             0             0             0             0 
   221     -0.602937     -0.634877             0     0.0319398             0             0             0             0             0             0 
   222      0.570451      0.645193             0    -0.0747419             0             0             0             0             0             0 
   223    -0.0212895    -0.0284171             0    0.00712752             0             0             0             0             0             0 
   224     -0.543302     -0.579922             0     0.0366199             0             0             0             0             0             0 
   225     -0.252337     -0.155223             0    -0.0971147             0             0             0             0             0             0 
   226      0.514928      0.493917             0     0.0210113             0             0             0             0             0             0 
   227       0.76125      0.713166             0     0.0480835             0             0             0             0             0             0 
   234    -0.0417931     -0.174825             0      0.133032             0             0             0             0             0             0 
   235     0.0351699     0.0914457             0    -0.0562758             0             0             0             0             0             0 
   236      0.274352      0.340309             0    -0.0659571             0             0             0             0             0             0 
   237     0.0575322     0.0852688             0    -0.0277365             0             0             0             0             0             0 
   238     -0.173406     -0.134642             0    -0.0387644             0             0             0             0             0             0 
   239      -0.15317     -0.166917             0     0.0137464             0             0             0             0             0             0 
   240      0.146803      0.200466             0    -0.0536626             0             0             0             0             0             0 
   241     -0.142141     -0.124737             0    -0.0174034             0             0             0             0             0             0 
   242     -0.180792     -0.208312             0     0.0275192             0             0             0             0             0             0 
   243     -0.165812     -0.126408             0    -0.0394039             0             0             0             0             0             0 
   244    -0.0404508    -0.0595292             0     0.0190784             0             0             0             0             0             0 
   245      0.269242      0.249776             0     0.0194656             0             0             0             0             0             0 
   246     -0.726405     -0.623362             0     -0.103042             0             0             0             0             0             0 
   247       0.64919      0.624497             0     0.0246922             0             0             0             0             0             0 
   248      0.558308      0.507445             0     0.0508627             0             0             0             0             0             0 
   255   -0.00311157    -0.0821512             0     0.0790396             0             0             0             0             0             0 
   256     0.0878081      0.171239             0    -0.0834308             0             0             0             0             0             0 
   257     0.0214385      0.060375             0    -0.0389365             0             0             0             0             0             0 
   258    0.00242106    0.00692958             0   -0.00450852             0             0             0             0             0             0 
   259      0.161808       0.22813             0    -0.0663221             0             0             0             0             0             0 
   260     0.0169597     0.0144136             0    0.00254609             0             0             0             0             0             0 
   261     0.0749618     0.0821632             0   -0.00720145             0             0             0             0             0             0 
   262     0.0672643      0.111417             0     -0.044153             0             0             0             0             0             0 
   263      0.321918      0.317541             0    0.00437731             0             0             0             0             0             0 
   264    -0.0643294    -0.0391812             0    -0.0251482             0             0             0             0             0             0 
   265     -0.439297     -0.427069             0    -0.0122285             0             0             0             0             0             0 
   266       0.54744       0.53504             0     0.0124007             0             0             0             0             0             0 
   267     -0.195357    -0.0771097             0     -0.118247             0             0             0             0             0             0 
   268      0.041745     0.0400008             0    0.00174425             0             0             0             0             0             0 
   269      0.326068      0.267644             0     0.0584236             0             0             0             0             0             0 
   318    -0.0566138    -0.0683952             0     0.0117814             0             0             0             0             0             0 
   319     -0.262728     -0.251774             0    -0.0109531             0             0             0             0             0             0 
   320     0.0361552     0.0419179             0   -0.00576274             0             0             0             0             0             0 
   321    -0.0486484     -0.044363             0   -0.00428538             0             0             0             0             0             0 
   322     -0.335009     -0.353581             0     0.0185717             0             0             0             0             0             0 
   323       0.42776      0.425578             0    0.00218149             0             0             0             0             0             0 
   324    -0.0501773    -0.0395035             0    -0.0106739             0             0             0             0             0             0 
   325    -0.0148017    -0.0336442             0     0.0188425             0             0             0             0             0             0 
   326      0.277465      0.272029             0    0.00543694             0             0             0             0             0             0 
   327     0.0707857      0.110309             0    -0.0395231             0             0             0             0             0             0 
   328     0.0225177    0.00770756             0     0.0148102             0             0             0             0             0             0 
   329      0.326394      0.306491             0     0.0199029             0             0             0             0             0             0 
   330     0.0306463     0.0673197             0    -0.0366734             0             0             0             0             0             0 
   331   -0.00358306    -0.0134844             0    0.00990136             0             0             0             0             0             0 
   332      0.852366      0.833792             0     0.0185731             0             0             0             0             0             0 
   339    -0.0787104    -0.0903197             0     0.0116093             0             0             0             0             0             0 
   340     -0.365541     -0.352256             0    -0.0132854             0             0             0             0             0             0 
   341      0.214156      0.219803             0   -0.00564738             0             0             0             0             0             0 
   342    -0.0243537   -0.00097389             0    -0.0233798             0             0             0             0             0             0 
   343     -0.685747      -0.76531             0     0.0795634             0             0             0             0             0             0 
   344       1.34414       1.33224             0      0.011897             0             0             0             0             0             0 
   345       0.24448      0.255775             0    -0.0112948             0             0             0             0             0             0 
   346    -0.0985431     -0.176883             0     0.0783403             0             0             0             0             0             0 
   347      0.744949      0.739035             0    0.00591383             0             0             0             0             0             0 
   348      0.875697      0.919855             0    -0.0441588             0             0             0             0             0             0 
   349     -0.314879     -0.331026             0     0.0161467             0             0             0             0             0             0 
   350      0.198779      0.176629             0     0.0221508             0             0             0             0             0             0 
   351       0.84781       0.91918             0    -0.0713708             0             0             0             0             0             0 
   352     -0.979784     -0.991382             0     0.0115981             0             0             0             0             0             0 
   353       2.05964       2.02356             0     0.0360805             0             0             0             0             0             0 
   360   -0.00987824    -0.0360662             0     0.0261879             0             0             0             0             0             0 
   361    -0.0869529    -0.0863765             0  -0.000576402             0             0             0             0             0             0 
   362       0.26926      0.282151             0    -0.0128905             0             0             0             0             0             0 
   363      0.180843      0.197302             0    -0.0164583             0             0             0             0             0             0 
   364     -0.907901     -0.980915             0     0.0730137             0             0             0             0             0             0 
   365      0.988817      0.980424             0    0.00839313             0             0             0             0             0             0 
   366      0.396045      0.409949             0    -0.0139036             0             0             0             0             0             0 
   367     -0.564339     -0.626124             0     0.0617852             0             0             0             0             0             0 
   368      0.652914      0.645715             0    0.00719916             0             0             0             0             0             0 
   369      0.291418      0.331686             0    -0.0402684             0             0             0             0             0             0 
   370     0.0691679     0.0589222             0     0.0102458             0             0             0             0             0             0 
   371     0.0471415     0.0271573             0     0.0199842             0             0             0             0             0             0 
   372     -0.755613     -0.678615             0    -0.0769985             0             0             0             0             0             0 
   373      0.599781      0.583495             0     0.0162862             0             0             0             0             0             0 
   374       1.27729       1.23869             0     0.0385944             0             0             0             0             0             0 
   381    0.00508488    -0.0237468             0     0.0288317             0             0             0             0             0             0 
   382    -0.0141872   -0.00381951             0    -0.0103677             0             0             0             0             0             0 
   383     0.0589548     0.0731234             0    -0.0141686             0             0             0             0             0             0 
   384     0.0953767      0.100782             0   -0.00540491             0             0             0             0             0             0 
   385     -0.244136     -0.241795             0   -0.00234145             0             0             0             0             0             0 
   386     0.0746589     0.0718256             0    0.00283335             0             0             0             0             0             0 
   387     0.0851348     0.0920826             0    -0.0069478             0             0             0             0             0             0 
   388     -0.181999     -0.175469             0   -0.00653003             0             0             0             0             0             0 
   389     0.0909464     0.0870884             0    0.00385802             0             0             0             0             0             0 
   390     -0.255518     -0.236796             0    -0.0187213             0             0             0             0             0             0 
   391     0.0751368     0.0685904             0     0.0065464             0             0             0             0             0             0 
   392      0.219741       0.21038             0    0.00936103             0             0             0             0             0             0 
   393      -1.21453      -1.14965             0    -0.0648759             0             0             0             0             0             0 
   394      0.939135      0.926022             0     0.0131129             0             0             0             0             0             0 
   395       0.53704      0.504851             0     0.0321889             0             0             0             0             0             0 
   402   0.000126341    -0.0162234             0     0.0163498             0             0             0             0             0             0 
   403     0.0536258     0.0717318             0    -0.0181061             0             0             0             0             0             0 
   404   -0.00677006    0.00112861             0   -0.00789866             0             0             0             0             0             0 
   405   0.000573637     0.0037636             0   -0.00318996             0             0             0             0             0             0 
   406      0.094178      0.110081             0    -0.0159026             0             0             0             0             0             0 
   407      0.012155     0.0103342             0    0.00182082             0             0             0             0             0             0 
   408     0.0197994     0.0182923             0     0.0015071             0             0             0             0             0             0 
   409     0.0248634     0.0389844             0    -0.0141209             0             0             0             0             0             0 
   410      0.139136      0.139467             0  -0.000331214             0             0             0             0             0             0 
   411    -0.0726692    -0.0609138             0    -0.0117554             0             0             0             0             0             0 
   412     -0.242371     -0.241849             0  -0.000522414             0             0             0             0             0             0 
   413      0.126383       0.12048             0    0.00590313             0             0             0             0             0             0 
   414     -0.152542     -0.090939             0    -0.0616031             0             0             0             0             0             0 
   415     0.0175753     0.0184343             0   -0.00085895             0             0             0             0             0             0 
   416     0.0592085     0.0286862             0     0.0305223             0             0             0             0             0             0 
