#varID         total       dxdbVol      dxdbSurf          dSdb          dndb    dxdbDirect          dVdb      distance       options          dvdb
   171    -0.0746775     -0.181678             0      0.107001             0             0             0             0             0             0 
   172     -0.112064     -0.076179             0    -0.0358852             0             0             0             0             0             0 
   173      -0.22494     -0.171851             0    -0.0530887             0             0             0             0             0             0 
   174     -0.176062     -0.181345             0    0.00528345             0             0             0             0             0             0 
   175     0.0109904     0.0358828             0    -0.0248924             0             0             0             0             0             0 
   176      0.269297      0.272499             0   -0.00320276             0             0             0             0             0             0 
   177     -0.133202    -0.0726588             0    -0.0605434             0             0             0             0             0             0 
   178     -0.099337     -0.100577             0    0.00124035             0             0             0             0             0             0 
   179      0.504786      0.474809             0      0.029977             0             0             0             0             0             0 
   180       0.15517      0.254772             0    -0.0996019             0             0             0             0             0             0 
   181      0.216407      0.200939             0     0.0154675             0             0             0             0             0             0 
   182     -0.363063     -0.412591             0     0.0495279             0             0             0             0             0             0 
   183    -0.0305897     0.0255114             0    -0.0561011             0             0             0             0             0             0 
   184      0.739364       0.72767             0     0.0116941             0             0             0             0             0             0 
   185     0.0510857     0.0228694             0     0.0282163             0             0             0             0             0             0 
   192      -0.18589     -0.318148             0      0.132258             0             0             0             0             0             0 
   193     0.0714745      0.138805             0    -0.0673305             0             0             0             0             0             0 
   194      0.212217      0.278048             0    -0.0658318             0             0             0             0             0             0 
   195     -0.530921     -0.532938             0    0.00201744             0             0             0             0             0             0 
   196      0.305961      0.323271             0    -0.0173103             0             0             0             0             0             0 
   197      0.269647      0.271368             0   -0.00172102             0             0             0             0             0             0 
   198     0.0692502      0.101814             0    -0.0325639             0             0             0             0             0             0 
   199      0.116615     0.0889717             0     0.0276438             0             0             0             0             0             0 
   200     -0.317243     -0.333238             0     0.0159946             0             0             0             0             0             0 
   201        1.2216       1.29987             0    -0.0782645             0             0             0             0             0             0 
   202     0.0184211    0.00422199             0     0.0141991             0             0             0             0             0             0 
   203      -1.03612      -1.07477             0     0.0386449             0             0             0             0             0             0 
   204       0.78131      0.863404             0    -0.0820935             0             0             0             0             0             0 
   205    -0.0279173    -0.0411654             0     0.0132481             0             0             0             0             0             0 
   206      0.816926      0.775787             0     0.0411388             0             0             0             0             0             0 
   213     -0.144489     -0.315205             0      0.170716             0             0             0             0             0             0 
   214      0.354238      0.415448             0    -0.0612096             0             0             0             0             0             0 
   215      0.573075       0.65808             0    -0.0850043             0             0             0             0             0             0 
   216     -0.146031     -0.121107             0    -0.0249236             0             0             0             0             0             0 
   217     -0.363174     -0.354717             0   -0.00845782             0             0             0             0             0             0 
   218     0.0369188     0.0251213             0     0.0117974             0             0             0             0             0             0 
   219      0.480924      0.546224             0    -0.0653005             0             0             0             0             0             0 
   220     -0.666387      -0.68106             0     0.0146727             0             0             0             0             0             0 
   221     -0.621121     -0.653769             0     0.0326474             0             0             0             0             0             0 
   222      0.583488      0.656844             0    -0.0733555             0             0             0             0             0             0 
   223    0.00169761   -0.00594096             0    0.00763857             0             0             0             0             0             0 
   224     -0.571032     -0.606972             0     0.0359401             0             0             0             0             0             0 
   225     -0.236434     -0.141024             0      -0.09541             0             0             0             0             0             0 
   226      0.532194      0.510916             0     0.0212777             0             0             0             0             0             0 
   227      0.786055      0.738834             0     0.0472209             0             0             0             0             0             0 
   234    -0.0424929     -0.175138             0      0.132645             0             0             0             0             0             0 
   235     0.0368977     0.0932201             0    -0.0563224             0             0             0             0             0             0 
   236      0.269497      0.335263             0     -0.065766             0             0             0             0             0             0 
   237     0.0575623     0.0858562             0    -0.0282939             0             0             0             0             0             0 
   238     -0.171436      -0.13265             0    -0.0387862             0             0             0             0             0             0 
   239     -0.159513     -0.173537             0     0.0140245             0             0             0             0             0             0 
   240      0.148557      0.202728             0     -0.054171             0             0             0             0             0             0 
   241     -0.138173      -0.12137             0    -0.0168033             0             0             0             0             0             0 
   242     -0.188837     -0.216611             0     0.0277735             0             0             0             0             0             0 
   243      -0.16095     -0.122691             0    -0.0382592             0             0             0             0             0             0 
   244    -0.0404239    -0.0603272             0     0.0199033             0             0             0             0             0             0 
   245      0.258882      0.239986             0     0.0188956             0             0             0             0             0             0 
   246      -0.73825     -0.636177             0     -0.102072             0             0             0             0             0             0 
   247       0.66101      0.636118             0     0.0248924             0             0             0             0             0             0 
   248      0.620828      0.570457             0     0.0503711             0             0             0             0             0             0 
   255   -0.00365152    -0.0823469             0     0.0786954             0             0             0             0             0             0 
   256     0.0955347      0.178769             0    -0.0832343             0             0             0             0             0             0 
   257     0.0183977     0.0571637             0     -0.038766             0             0             0             0             0             0 
   258    0.00117144    0.00596409             0   -0.00479265             0             0             0             0             0             0 
   259      0.172637      0.238649             0    -0.0660118             0             0             0             0             0             0 
   260      0.020039     0.0173517             0    0.00268725             0             0             0             0             0             0 
   261       0.07384     0.0811131             0   -0.00727316             0             0             0             0             0             0 
   262     0.0756911      0.119209             0    -0.0435177             0             0             0             0             0             0 
   263      0.332529      0.328119             0    0.00441001             0             0             0             0             0             0 
   264     -0.062862    -0.0383265             0    -0.0245355             0             0             0             0             0             0 
   265     -0.442087     -0.430041             0    -0.0120459             0             0             0             0             0             0 
   266      0.545523      0.533431             0     0.0120926             0             0             0             0             0             0 
   267       -0.1935    -0.0756919             0     -0.117808             0             0             0             0             0             0 
   268     0.0435453     0.0421148             0    0.00143045             0             0             0             0             0             0 
   269      0.366165      0.307963             0     0.0582022             0             0             0             0             0             0 
   318    -0.0617239    -0.0733825             0     0.0116586             0             0             0             0             0             0 
   319     -0.272243     -0.261285             0    -0.0109576             0             0             0             0             0             0 
   320     0.0393311     0.0450321             0   -0.00570108             0             0             0             0             0             0 
   321    -0.0470317    -0.0427279             0   -0.00430376             0             0             0             0             0             0 
   322     -0.357256     -0.375741             0     0.0184843             0             0             0             0             0             0 
   323      0.445592      0.443401             0    0.00219118             0             0             0             0             0             0 
   324    -0.0488255    -0.0380268             0    -0.0107987             0             0             0             0             0             0 
   325     -0.025758    -0.0444275             0     0.0186695             0             0             0             0             0             0 
   326      0.294013      0.288513             0    0.00549993             0             0             0             0             0             0 
   327     0.0622693      0.101523             0    -0.0392535             0             0             0             0             0             0 
   328     0.0410976     0.0264828             0     0.0146148             0             0             0             0             0             0 
   329      0.319211      0.299442             0     0.0197697             0             0             0             0             0             0 
   330     0.0263479     0.0627027             0    -0.0363549             0             0             0             0             0             0 
   331     0.0252928     0.0154386             0    0.00985421             0             0             0             0             0             0 
   332      0.838702      0.820289             0     0.0184125             0             0             0             0             0             0 
   339    -0.0847587     -0.096114             0     0.0113553             0             0             0             0             0             0 
   340     -0.397095      -0.38384             0    -0.0132555             0             0             0             0             0             0 
   341      0.222927      0.228447             0   -0.00551994             0             0             0             0             0             0 
   342    -0.0101002     0.0134376             0    -0.0235378             0             0             0             0             0             0 
   343     -0.740699       -0.8202             0     0.0795012             0             0             0             0             0             0 
   344       1.39322       1.38124             0     0.0119764             0             0             0             0             0             0 
   345      0.252397      0.264008             0    -0.0116113             0             0             0             0             0             0 
   346    -0.0945619      -0.17279             0     0.0782283             0             0             0             0             0             0 
   347      0.780053      0.773979             0    0.00607388             0             0             0             0             0             0 
   348      0.885151      0.928704             0    -0.0435529             0             0             0             0             0             0 
   349     -0.290784      -0.30679             0     0.0160059             0             0             0             0             0             0 
   350      0.177719      0.155867             0     0.0218519             0             0             0             0             0             0 
   351      0.879866      0.950336             0    -0.0704698             0             0             0             0             0             0 
   352     -0.962735     -0.974306             0     0.0115706             0             0             0             0             0             0 
   353        2.0437       2.00807             0     0.0356242             0             0             0             0             0             0 
   360   -0.00790844    -0.0338526             0     0.0259442             0             0             0             0             0             0 
   361     -0.122141     -0.121638             0   -0.00050261             0             0             0             0             0             0 
   362      0.282412      0.295181             0    -0.0127692             0             0             0             0             0             0 
   363       0.18454      0.201207             0    -0.0166671             0             0             0             0             0             0 
   364     -0.941295      -1.01452             0     0.0732238             0             0             0             0             0             0 
   365       1.03479        1.0263             0    0.00849652             0             0             0             0             0             0 
   366      0.379421      0.393739             0    -0.0143181             0             0             0             0             0             0 
   367     -0.524217     -0.586192             0     0.0619748             0             0             0             0             0             0 
   368      0.674659      0.667251             0    0.00740753             0             0             0             0             0             0 
   369      0.299686      0.339151             0    -0.0394652             0             0             0             0             0             0 
   370     0.0954714     0.0850546             0     0.0104168             0             0             0             0             0             0 
   371     0.0388523     0.0192678             0     0.0195845             0             0             0             0             0             0 
   372     -0.728689     -0.652891             0    -0.0757982             0             0             0             0             0             0 
   373       0.60729      0.591065             0     0.0162251             0             0             0             0             0             0 
   374       1.30809        1.2701             0     0.0379838             0             0             0             0             0             0 
   381    0.00578259    -0.0229399             0     0.0287225             0             0             0             0             0             0 
   382    -0.0168615   -0.00649971             0    -0.0103618             0             0             0             0             0             0 
   383     0.0596008     0.0737154             0    -0.0141146             0             0             0             0             0             0 
   384     0.0948487      0.100377             0   -0.00552874             0             0             0             0             0             0 
   385     -0.244415     -0.242121             0   -0.00229408             0             0             0             0             0             0 
   386       0.08089     0.0779952             0    0.00289487             0             0             0             0             0             0 
   387     0.0825208     0.0896225             0   -0.00710174             0             0             0             0             0             0 
   388     -0.175891     -0.169581             0    -0.0063103             0             0             0             0             0             0 
   389     0.0952346     0.0912999             0    0.00393465             0             0             0             0             0             0 
   390     -0.257769     -0.239548             0    -0.0182207             0             0             0             0             0             0 
   391     0.0794325     0.0725919             0    0.00684066             0             0             0             0             0             0 
   392      0.226025      0.216915             0    0.00911031             0             0             0             0             0             0 
   393      -1.23596      -1.17163             0    -0.0643328             0             0             0             0             0             0 
   394      0.956665      0.943533             0     0.0131318             0             0             0             0             0             0 
   395      0.595759      0.563847             0     0.0319126             0             0             0             0             0             0 
   402   0.000103468    -0.0161752             0     0.0162786             0             0             0             0             0             0 
   403      0.057534     0.0756068             0    -0.0180727             0             0             0             0             0             0 
   404    -0.0071611   0.000702337             0   -0.00786344             0             0             0             0             0             0 
   405   0.000301407    0.00353114             0   -0.00322974             0             0             0             0             0             0 
   406     0.0997729      0.115606             0    -0.0158329             0             0             0             0             0             0 
   407     0.0159691     0.0141287             0    0.00184039             0             0             0             0             0             0 
   408     0.0199174     0.0184247             0    0.00149271             0             0             0             0             0             0 
   409     0.0267491     0.0407114             0    -0.0139623             0             0             0             0             0             0 
   410      0.148454      0.148779             0  -0.000324997             0             0             0             0             0             0 
   411     -0.071955    -0.0604142             0    -0.0115408             0             0             0             0             0             0 
   412     -0.249092       -0.2486             0  -0.000491907             0             0             0             0             0             0 
   413      0.128579      0.122784             0    0.00579516             0             0             0             0             0             0 
   414     -0.154125    -0.0926793             0    -0.0614453             0             0             0             0             0             0 
   415      0.019143      0.020141             0   -0.00099794             0             0             0             0             0             0 
   416     0.0859962     0.0555538             0     0.0304424             0             0             0             0             0             0 
