#varID         total       dxdbVol      dxdbSurf          dSdb          dndb    dxdbDirect          dVdb      distance       options          dvdb
   171     -0.384921      -0.52936             0      0.144439             0             0             0             0             0             0 
   172    -0.0581498   -0.00528286             0     -0.052867             0             0             0             0             0             0 
   173      -2.69239      -2.32103             0     -0.371352             0             0             0             0             0             0 
   174      0.762904      0.648496             0      0.114408             0             0             0             0             0             0 
   175      0.359199      0.356909             0    0.00229022             0             0             0             0             0             0 
   176      -3.84873      -3.55502             0     -0.293714             0             0             0             0             0             0 
   177      0.328162       0.42732             0    -0.0991578             0             0             0             0             0             0 
   178      0.659483      0.694118             0    -0.0346352             0             0             0             0             0             0 
   179      -3.01596      -3.26738             0      0.251415             0             0             0             0             0             0 
   180      -1.82632      -1.63803             0     -0.188291             0             0             0             0             0             0 
   181      -1.10006     -0.941804             0     -0.158252             0             0             0             0             0             0 
   182       3.78182       3.29617             0      0.485645             0             0             0             0             0             0 
   183     -0.190668     -0.112863             0    -0.0778053             0             0             0             0             0             0 
   184    -0.0700234    0.00906479             0    -0.0790882             0             0             0             0             0             0 
   185      0.450043      0.247514             0      0.202529             0             0             0             0             0             0 
   192     -0.168248     -0.335588             0      0.167339             0             0             0             0             0             0 
   193    -0.0144335     0.0857672             0     -0.100201             0             0             0             0             0             0 
   194      -2.42631      -1.99342             0     -0.432888             0             0             0             0             0             0 
   195       1.38835       1.25803             0      0.130323             0             0             0             0             0             0 
   196      0.810419      0.803765             0    0.00665428             0             0             0             0             0             0 
   197      -5.30479      -4.96996             0     -0.334831             0             0             0             0             0             0 
   198      0.435372      0.547392             0     -0.112019             0             0             0             0             0             0 
   199      0.949729      0.936496             0     0.0132338             0             0             0             0             0             0 
   200      -5.95778      -6.24552             0      0.287741             0             0             0             0             0             0 
   201      -3.15326      -2.96842             0     -0.184838             0             0             0             0             0             0 
   202      -2.41863      -2.31773             0     -0.100899             0             0             0             0             0             0 
   203       9.26974       8.79249             0      0.477257             0             0             0             0             0             0 
   204     -0.543263     -0.428455             0     -0.114809             0             0             0             0             0             0 
   205     -0.238485     -0.182223             0    -0.0562617             0             0             0             0             0             0 
   206       1.72157       1.42355             0      0.298025             0             0             0             0             0             0 
   213     0.0464093     -0.156501             0       0.20291             0             0             0             0             0             0 
   214    -0.0390936     0.0137948             0    -0.0528883             0             0             0             0             0             0 
   215     -0.157828      0.365914             0     -0.523742             0             0             0             0             0             0 
   216      0.463166      0.326303             0      0.136863             0             0             0             0             0             0 
   217      0.307077      0.298721             0    0.00835655             0             0             0             0             0             0 
   218      -2.11072      -1.76023             0     -0.350494             0             0             0             0             0             0 
   219      0.231672      0.338087             0     -0.106415             0             0             0             0             0             0 
   220      0.312874      0.288885             0     0.0239889             0             0             0             0             0             0 
   221      -3.49756      -3.76839             0      0.270832             0             0             0             0             0             0 
   222      -1.26269      -1.03092             0     -0.231775             0             0             0             0             0             0 
   223     -0.753811     -0.780902             0     0.0270908             0             0             0             0             0             0 
   224       2.87259       2.27644             0      0.596158             0             0             0             0             0             0 
   225     -0.576275     -0.424973             0     -0.151302             0             0             0             0             0             0 
   226    -0.0522533     -0.159912             0      0.107658             0             0             0             0             0             0 
   227       1.04916      0.655126             0      0.394034             0             0             0             0             0             0 
   234    -0.0121034     -0.169698             0      0.157595             0             0             0             0             0             0 
   235    0.00553048     0.0421145             0    -0.0365841             0             0             0             0             0             0 
   236    -0.0825731      0.323403             0     -0.405976             0             0             0             0             0             0 
   237       0.04122    -0.0481905             0     0.0894106             0             0             0             0             0             0 
   238     0.0553749      0.105182             0    -0.0498068             0             0             0             0             0             0 
   239     -0.470603     -0.241221             0     -0.229382             0             0             0             0             0             0 
   240      0.110177      0.149719             0    -0.0395416             0             0             0             0             0             0 
   241     0.0833068      0.155476             0     -0.072169             0             0             0             0             0             0 
   242     -0.757001     -0.854388             0     0.0973872             0             0             0             0             0             0 
   243     -0.114051     0.0539412             0     -0.167992             0             0             0             0             0             0 
   244      0.019057    -0.0258027             0     0.0448597             0             0             0             0             0             0 
   245     0.0953215     -0.339371             0      0.434693             0             0             0             0             0             0 
   246     -0.223105    -0.0585741             0     -0.164531             0             0             0             0             0             0 
   247     0.0774497    -0.0518541             0      0.129304             0             0             0             0             0             0 
   248      0.410694    -0.0197417             0      0.430436             0             0             0             0             0             0 
   255    -0.0186013     -0.107419             0     0.0888177             0             0             0             0             0             0 
   256    -0.0214348      0.081733             0     -0.103168             0             0             0             0             0             0 
   257    -0.0802887      0.151194             0     -0.231483             0             0             0             0             0             0 
   258     0.0138092    -0.0370902             0     0.0508994             0             0             0             0             0             0 
   259    -0.0853572     0.0209165             0     -0.106274             0             0             0             0             0             0 
   260     -0.145527    -0.0151309             0     -0.130396             0             0             0             0             0             0 
   261     0.0259151    0.00753393             0     0.0183811             0             0             0             0             0             0 
   262     -0.132449     0.0290871             0     -0.161536             0             0             0             0             0             0 
   263     -0.206741     -0.158868             0    -0.0478725             0             0             0             0             0             0 
   264    -0.0147076     0.0710591             0    -0.0857666             0             0             0             0             0             0 
   265     -0.133438      -0.17359             0      0.040152             0             0             0             0             0             0 
   266    0.00669255      -0.22225             0      0.228942             0             0             0             0             0             0 
   267     -0.110232     0.0573489             0      -0.16758             0             0             0             0             0             0 
   268     0.0930724    -0.0934787             0      0.186551             0             0             0             0             0             0 
   269      0.162524     -0.278351             0      0.440876             0             0             0             0             0             0 
   318    -0.0328206    -0.0522735             0     0.0194529             0             0             0             0             0             0 
   319    -0.0471884   -0.00803919             0    -0.0391492             0             0             0             0             0             0 
   320     -0.331467     -0.280656             0    -0.0508115             0             0             0             0             0             0 
   321      0.071436     0.0554721             0     0.0159639             0             0             0             0             0             0 
   322     0.0287375     0.0188869             0    0.00985064             0             0             0             0             0             0 
   323     -0.841307     -0.800806             0    -0.0405013             0             0             0             0             0             0 
   324     -0.198368     -0.184386             0    -0.0139815             0             0             0             0             0             0 
   325     0.0379128     0.0490927             0    -0.0111799             0             0             0             0             0             0 
   326     -0.742034     -0.777856             0     0.0358227             0             0             0             0             0             0 
   327     -0.527457     -0.468009             0    -0.0594478             0             0             0             0             0             0 
   328     -0.271438     -0.177917             0     -0.093521             0             0             0             0             0             0 
   329      0.883364      0.730282             0      0.153081             0             0             0             0             0             0 
   330     -0.115813    -0.0655676             0    -0.0502459             0             0             0             0             0             0 
   331   -0.00409023     0.0613283             0    -0.0654186             0             0             0             0             0             0 
   332      0.125123   -0.00459423             0      0.129718             0             0             0             0             0             0 
   339     -0.017868    -0.0417174             0     0.0238494             0             0             0             0             0             0 
   340    -0.0674212    0.00430173             0     -0.071723             0             0             0             0             0             0 
   341     -0.299865     -0.235995             0    -0.0638694             0             0             0             0             0             0 
   342      0.162655      0.144472             0     0.0181827             0             0             0             0             0             0 
   343      0.171895      0.134716             0     0.0371787             0             0             0             0             0             0 
   344      -1.15878      -1.11404             0    -0.0447368             0             0             0             0             0             0 
   345     -0.217894     -0.203722             0    -0.0141714             0             0             0             0             0             0 
   346      0.170147      0.103591             0     0.0665557             0             0             0             0             0             0 
   347      -1.31309       -1.3527             0     0.0396077             0             0             0             0             0             0 
   348      -1.03632     -0.959803             0    -0.0765133             0             0             0             0             0             0 
   349     -0.527654     -0.466289             0     -0.061365             0             0             0             0             0             0 
   350       2.14102       1.94377             0      0.197255             0             0             0             0             0             0 
   351     -0.479118     -0.361721             0     -0.117397             0             0             0             0             0             0 
   352    0.00440317     0.0604795             0    -0.0560763             0             0             0             0             0             0 
   353      0.516357      0.213703             0      0.302654             0             0             0             0             0             0 
   360     0.0133408    -0.0215152             0     0.0348561             0             0             0             0             0             0 
   361    -0.0668108    -0.0331097             0    -0.0337011             0             0             0             0             0             0 
   362    0.00345783     0.0944205             0    -0.0909627             0             0             0             0             0             0 
   363     0.0519397     0.0260888             0     0.0258509             0             0             0             0             0             0 
   364      0.119688     0.0648091             0     0.0548792             0             0             0             0             0             0 
   365     -0.399565     -0.336923             0    -0.0626415             0             0             0             0             0             0 
   366    -0.0721159    -0.0638585             0   -0.00825739             0             0             0             0             0             0 
   367      0.170992     0.0746282             0     0.0963641             0             0             0             0             0             0 
   368     -0.681853     -0.705586             0     0.0237323             0             0             0             0             0             0 
   369     -0.539992      -0.45072             0    -0.0892722             0             0             0             0             0             0 
   370     -0.137828     -0.186466             0     0.0486386             0             0             0             0             0             0 
   371      0.733384      0.504007             0      0.229377             0             0             0             0             0             0 
   372     -0.488394     -0.352944             0      -0.13545             0             0             0             0             0             0 
   373    -0.0014503     -0.128067             0      0.126617             0             0             0             0             0             0 
   374      0.418795      0.067489             0      0.351306             0             0             0             0             0             0 
   381   0.000407425    -0.0302221             0     0.0306296             0             0             0             0             0             0 
   382   -0.00623522  -0.000424605             0   -0.00581062             0             0             0             0             0             0 
   383    -0.0117951     0.0665675             0    -0.0783626             0             0             0             0             0             0 
   384    0.00330304    -0.0153625             0     0.0186655             0             0             0             0             0             0 
   385     0.0341832     0.0342709             0  -8.77542e-05             0             0             0             0             0             0 
   386    -0.0925004    -0.0459546             0    -0.0465458             0             0             0             0             0             0 
   387     0.0146594     0.0128146             0    0.00184483             0             0             0             0             0             0 
   388     0.0470541        0.0576             0    -0.0105459             0             0             0             0             0             0 
   389     -0.175029     -0.170089             0   -0.00494034             0             0             0             0             0             0 
   390    -0.0731762     -0.012049             0    -0.0611272             0             0             0             0             0             0 
   391     0.0120255    -0.0199498             0     0.0319753             0             0             0             0             0             0 
   392     0.0755752    -0.0827361             0      0.158311             0             0             0             0             0             0 
   393     -0.132785    -0.0369686             0    -0.0958162             0             0             0             0             0             0 
   394     0.0103865    -0.0857412             0     0.0961277             0             0             0             0             0             0 
   395      0.244204   -0.00632002             0      0.250524             0             0             0             0             0             0 
   402   -0.00247975    -0.0190449             0     0.0165651             0             0             0             0             0             0 
   403    -0.0107476    0.00206337             0     -0.012811             0             0             0             0             0             0 
   404    -0.0192876     0.0233662             0    -0.0426538             0             0             0             0             0             0 
   405    0.00366803   -0.00448578             0    0.00815381             0             0             0             0             0             0 
   406    -0.0210123   -0.00580618             0    -0.0152061             0             0             0             0             0             0 
   407     -0.050387      -0.03065             0     -0.019737             0             0             0             0             0             0 
   408    0.00584701   -0.00336124             0    0.00920825             0             0             0             0             0             0 
   409    -0.0182835      0.022294             0    -0.0405775             0             0             0             0             0             0 
   410    -0.0752003    -0.0526333             0     -0.022567             0             0             0             0             0             0 
   411    -0.0178094     0.0153976             0     -0.033207             0             0             0             0             0             0 
   412    -0.0262969     -0.040499             0      0.014202             0             0             0             0             0             0 
   413     0.0194841    -0.0691402             0     0.0886242             0             0             0             0             0             0 
   414    -0.0534594     0.0288451             0    -0.0823045             0             0             0             0             0             0 
   415     0.0250706    -0.0403448             0     0.0654154             0             0             0             0             0             0 
   416     0.0927393     -0.122526             0      0.215266             0             0             0             0             0             0 
