#varID         total       dxdbVol      dxdbSurf          dSdb          dndb    dxdbDirect          dVdb      distance       options          dvdb
   171      -0.10371     -0.210536             0      0.106826             0             0             0             0             0             0 
   172     -0.144637     -0.109338             0    -0.0352988             0             0             0             0             0             0 
   173     -0.228481     -0.175481             0    -0.0529997             0             0             0             0             0             0 
   174     -0.191876     -0.198417             0    0.00654109             0             0             0             0             0             0 
   175    -0.0685904    -0.0436038             0    -0.0249866             0             0             0             0             0             0 
   176      0.400968      0.404804             0   -0.00383582             0             0             0             0             0             0 
   177      -0.21124     -0.147255             0    -0.0639846             0             0             0             0             0             0 
   178     -0.158873     -0.157261             0   -0.00161237             0             0             0             0             0             0 
   179      0.760429      0.728738             0     0.0316914             0             0             0             0             0             0 
   180     0.0161692      0.114226             0     -0.098057             0             0             0             0             0             0 
   181      0.418155      0.406099             0      0.012056             0             0             0             0             0             0 
   182      -0.46915     -0.517945             0     0.0487949             0             0             0             0             0             0 
   183    -0.0849763    -0.0317374             0    -0.0532389             0             0             0             0             0             0 
   184       1.07915       1.06818             0     0.0109672             0             0             0             0             0             0 
   185     -0.183956     -0.210741             0     0.0267848             0             0             0             0             0             0 
   192     -0.248426     -0.379913             0      0.131487             0             0             0             0             0             0 
   193     0.0190875     0.0857423             0    -0.0666547             0             0             0             0             0             0 
   194      0.206814      0.272265             0    -0.0654506             0             0             0             0             0             0 
   195     -0.557942     -0.559757             0     0.0018149             0             0             0             0             0             0 
   196      0.189039      0.208326             0    -0.0192873             0             0             0             0             0             0 
   197      0.390134      0.391763             0   -0.00162936             0             0             0             0             0             0 
   198     0.0122085     0.0514795             0    -0.0392709             0             0             0             0             0             0 
   199      0.199266      0.176716             0     0.0225496             0             0             0             0             0             0 
   200      -0.21437     -0.233741             0     0.0193712             0             0             0             0             0             0 
   201        1.2482       1.32281             0    -0.0746169             0             0             0             0             0             0 
   202      0.245397      0.234484             0     0.0109137             0             0             0             0             0             0 
   203      -1.27838      -1.31529             0     0.0369152             0             0             0             0             0             0 
   204      0.936123       1.01185             0    -0.0757264             0             0             0             0             0             0 
   205       0.20637      0.193361             0     0.0130091             0             0             0             0             0             0 
   206      0.609246      0.571302             0      0.037944             0             0             0             0             0             0 
   213     -0.171864     -0.341319             0      0.169455             0             0             0             0             0             0 
   214      0.340983      0.402499             0    -0.0615164             0             0             0             0             0             0 
   215      0.560101      0.644489             0    -0.0843874             0             0             0             0             0             0 
   216     -0.169045     -0.141177             0    -0.0278674             0             0             0             0             0             0 
   217     -0.440231     -0.430467             0   -0.00976399             0             0             0             0             0             0 
   218     0.0348549     0.0215989             0      0.013256             0             0             0             0             0             0 
   219       0.45869        0.5319             0      -0.07321             0             0             0             0             0             0 
   220     -0.554247     -0.568032             0     0.0137856             0             0             0             0             0             0 
   221     -0.736878     -0.773512             0     0.0366345             0             0             0             0             0             0 
   222      0.690809      0.756877             0    -0.0660681             0             0             0             0             0             0 
   223     0.0899243     0.0806186             0    0.00930568             0             0             0             0             0             0 
   224     -0.784273      -0.81665             0     0.0323767             0             0             0             0             0             0 
   225     -0.152301    -0.0653967             0    -0.0869044             0             0             0             0             0             0 
   226      0.663425      0.640649             0     0.0227761             0             0             0             0             0             0 
   227      0.930989      0.888067             0     0.0429222             0             0             0             0             0             0 
   234    -0.0500622     -0.180983             0       0.13092             0             0             0             0             0             0 
   235     0.0506319      0.107316             0    -0.0566844             0             0             0             0             0             0 
   236       0.20622      0.271134             0    -0.0649147             0             0             0             0             0             0 
   237     0.0667751     0.0979725             0    -0.0311974             0             0             0             0             0             0 
   238     -0.177691     -0.138577             0    -0.0391136             0             0             0             0             0             0 
   239     -0.236511     -0.251984             0     0.0154729             0             0             0             0             0             0 
   240      0.175072      0.232409             0    -0.0573373             0             0             0             0             0             0 
   241     -0.144271     -0.130241             0    -0.0140298             0             0             0             0             0             0 
   242     -0.269863     -0.299223             0     0.0293602             0             0             0             0             0             0 
   243     -0.136589     -0.104832             0     -0.031757             0             0             0             0             0             0 
   244    -0.0559274    -0.0794069             0     0.0234794             0             0             0             0             0             0 
   245      0.175646      0.159983             0     0.0156629             0             0             0             0             0             0 
   246     -0.839751     -0.742571             0    -0.0971804             0             0             0             0             0             0 
   247      0.788703       0.76318             0     0.0255227             0             0             0             0             0             0 
   248       1.01615      0.968261             0     0.0478857             0             0             0             0             0             0 
   255   -0.00995117    -0.0870324             0     0.0770813             0             0             0             0             0             0 
   256      0.136975      0.219354             0    -0.0823789             0             0             0             0             0             0 
   257    -0.0232023     0.0147632             0    -0.0379655             0             0             0             0             0             0 
   258   -0.00256806    0.00368048             0   -0.00624853             0             0             0             0             0             0 
   259      0.222331      0.286839             0    -0.0645079             0             0             0             0             0             0 
   260   0.000746628   -0.00266399             0    0.00341062             0             0             0             0             0             0 
   261     0.0841665     0.0922504             0   -0.00808391             0             0             0             0             0             0 
   262     0.0743217      0.114405             0    -0.0400828             0             0             0             0             0             0 
   263      0.355903      0.351101             0    0.00480264             0             0             0             0             0             0 
   264    -0.0493439    -0.0282063             0    -0.0211376             0             0             0             0             0             0 
   265     -0.503587     -0.492546             0    -0.0110411             0             0             0             0             0             0 
   266      0.533881      0.523492             0     0.0103883             0             0             0             0             0             0 
   267     -0.203086    -0.0876812             0     -0.115404             0             0             0             0             0             0 
   268     0.0918821     0.0922777             0  -0.000395644             0             0             0             0             0             0 
   269      0.639179      0.582196             0     0.0569834             0             0             0             0             0             0 
   318    -0.0921245      -0.10335             0     0.0112255             0             0             0             0             0             0 
   319     -0.339594     -0.328724             0    -0.0108701             0             0             0             0             0             0 
   320     0.0555075     0.0609903             0   -0.00548273             0             0             0             0             0             0 
   321    -0.0335068    -0.0292581             0   -0.00424872             0             0             0             0             0             0 
   322     -0.503911     -0.521805             0     0.0178945             0             0             0             0             0             0 
   323      0.553352      0.551187             0    0.00216521             0             0             0             0             0             0 
   324    -0.0510397    -0.0395581             0    -0.0114816             0             0             0             0             0             0 
   325    -0.0825439     -0.100142             0     0.0175977             0             0             0             0             0             0 
   326      0.401623      0.395781             0    0.00584237             0             0             0             0             0             0 
   327    0.00145818     0.0395633             0    -0.0381051             0             0             0             0             0             0 
   328      0.180196      0.166684             0     0.0135114             0             0             0             0             0             0 
   329      0.257958      0.238753             0     0.0192047             0             0             0             0             0             0 
   330     0.0135851     0.0484426             0    -0.0348574             0             0             0             0             0             0 
   331       0.21577      0.206216             0    0.00955457             0             0             0             0             0             0 
   332      0.722763      0.705104             0     0.0176591             0             0             0             0             0             0 
   339     -0.121333     -0.131627             0     0.0102934             0             0             0             0             0             0 
   340     -0.588358     -0.575422             0     -0.012936             0             0             0             0             0             0 
   341      0.272103      0.277089             0   -0.00498639             0             0             0             0             0             0 
   342     0.0799813      0.103877             0    -0.0238961             0             0             0             0             0             0 
   343      -1.09177      -1.17012             0     0.0783479             0             0             0             0             0             0 
   344       1.69807       1.68591             0     0.0121556             0             0             0             0             0             0 
   345      0.290992      0.304148             0    -0.0131562             0             0             0             0             0             0 
   346    -0.0762876     -0.152908             0     0.0766206             0             0             0             0             0             0 
   347       1.00803       1.00118             0    0.00685456             0             0             0             0             0             0 
   348      0.966027       1.00674             0    -0.0407168             0             0             0             0             0             0 
   349     -0.154874     -0.169945             0     0.0150705             0             0             0             0             0             0 
   350     0.0368341     0.0163746             0     0.0204595             0             0             0             0             0             0 
   351       1.11778       1.18405             0    -0.0662778             0             0             0             0             0             0 
   352     -0.899851     -0.911436             0     0.0115848             0             0             0             0             0             0 
   353       1.96365       1.93015             0     0.0335038             0             0             0             0             0             0 
   360    0.00196667     -0.022895             0     0.0248617             0             0             0             0             0             0 
   361     -0.311958     -0.311839             0  -0.000119115             0             0             0             0             0             0 
   362      0.352041      0.364271             0    -0.0122302             0             0             0             0             0             0 
   363      0.218652      0.236129             0    -0.0174773             0             0             0             0             0             0 
   364      -1.18463      -1.25825             0     0.0736264             0             0             0             0             0             0 
   365       1.30523       1.29634             0    0.00889571             0             0             0             0             0             0 
   366      0.293801      0.310169             0    -0.0163677             0             0             0             0             0             0 
   367     -0.353088     -0.415266             0      0.062178             0             0             0             0             0             0 
   368      0.813851      0.805412             0    0.00843935             0             0             0             0             0             0 
   369      0.373028      0.408242             0    -0.0352141             0             0             0             0             0             0 
   370      0.211904      0.200673             0     0.0112309             0             0             0             0             0             0 
   371    -0.0423138    -0.0597862             0     0.0174725             0             0             0             0             0             0 
   372     -0.578016     -0.507723             0     -0.070293             0             0             0             0             0             0 
   373      0.675696      0.658814             0     0.0168813             0             0             0             0             0             0 
   374       1.52385       1.48867             0     0.0351749             0             0             0             0             0             0 
   381    0.00937093    -0.0188581             0     0.0282291             0             0             0             0             0             0 
   382    -0.0307213    -0.0203653             0     -0.010356             0             0             0             0             0             0 
   383     0.0566855     0.0705562             0    -0.0138707             0             0             0             0             0             0 
   384     0.0994552      0.105617             0   -0.00616143             0             0             0             0             0             0 
   385     -0.264994     -0.262871             0    -0.0021223             0             0             0             0             0             0 
   386      0.109281      0.106072             0    0.00320904             0             0             0             0             0             0 
   387     0.0759267     0.0839078             0   -0.00798119             0             0             0             0             0             0 
   388     -0.163941     -0.158673             0   -0.00526798             0             0             0             0             0             0 
   389      0.111815      0.107441             0    0.00437373             0             0             0             0             0             0 
   390     -0.274537     -0.259157             0    -0.0153806             0             0             0             0             0             0 
   391      0.100798     0.0926158             0    0.00818196             0             0             0             0             0             0 
   392      0.248973      0.241284             0    0.00768848             0             0             0             0             0             0 
   393      -1.39491      -1.33302             0    -0.0618891             0             0             0             0             0             0 
   394       1.12148       1.10814             0     0.0133382             0             0             0             0             0             0 
   395      0.977583      0.946924             0     0.0306589             0             0             0             0             0             0 
   402  -0.000735653    -0.0166863             0     0.0159507             0             0             0             0             0             0 
   403     0.0829321      0.100841             0    -0.0179085             0             0             0             0             0             0 
   404    -0.0143508   -0.00664991             0   -0.00770088             0             0             0             0             0             0 
   405  -0.000848024    0.00258877             0    -0.0034368             0             0             0             0             0             0 
   406      0.133575      0.149032             0    -0.0154565             0             0             0             0             0             0 
   407     0.0320033     0.0300611             0    0.00194224             0             0             0             0             0             0 
   408     0.0239241     0.0226231             0    0.00130099             0             0             0             0             0             0 
   409     0.0257821     0.0388587             0    -0.0130765             0             0             0             0             0             0 
   410      0.199725      0.199958             0  -0.000233187             0             0             0             0             0             0 
   411    -0.0697425    -0.0594033             0    -0.0103393             0             0             0             0             0             0 
   412     -0.305047     -0.304674             0  -0.000372567             0             0             0             0             0             0 
   413      0.158186      0.152995             0    0.00519122             0             0             0             0             0             0 
   414     -0.174159     -0.113553             0    -0.0606056             0             0             0             0             0             0 
   415     0.0350876     0.0369591             0   -0.00187149             0             0             0             0             0             0 
   416      0.284673      0.254659             0     0.0300141             0             0             0             0             0             0 
