#varID         total       dxdbVol      dxdbSurf          dSdb          dndb    dxdbDirect          dVdb      distance       options          dvdb
   171     0.0532646     -0.115887             0      0.169152             0             0             0             0             0             0 
   172    -0.0827031     0.0706959             0     -0.153399             0             0             0             0             0             0 
   173     -0.161155      0.276148             0     -0.437303             0             0             0             0             0             0 
   174     0.0690149     0.0482288             0     0.0207861             0             0             0             0             0             0 
   175     -0.144206     -0.131175             0    -0.0130305             0             0             0             0             0             0 
   176      0.379674      0.433554             0    -0.0538799             0             0             0             0             0             0 
   177    -0.0809573     0.0229966             0     -0.103954             0             0             0             0             0             0 
   178     -0.118923     -0.114635             0    -0.0042881             0             0             0             0             0             0 
   179      0.677137      0.412797             0       0.26434             0             0             0             0             0             0 
   180     -0.192088     -0.026486             0     -0.165602             0             0             0             0             0             0 
   181      0.328663      0.448474             0     -0.119811             0             0             0             0             0             0 
   182     -0.540205     -0.968751             0      0.428545             0             0             0             0             0             0 
   183    -0.0460321     0.0351184             0    -0.0811505             0             0             0             0             0             0 
   184      0.408091      0.470588             0    -0.0624968             0             0             0             0             0             0 
   185     -0.628028      -0.83992             0      0.211892             0             0             0             0             0             0 
   192     0.0593992     -0.141613             0      0.201012             0             0             0             0             0             0 
   193     -0.209181     0.0841244             0     -0.293306             0             0             0             0             0             0 
   194     -0.101288      0.419974             0     -0.521262             0             0             0             0             0             0 
   195      0.139486      0.108771             0     0.0307144             0             0             0             0             0             0 
   196      -0.31446     -0.360567             0     0.0461063             0             0             0             0             0             0 
   197      0.395924      0.474742             0    -0.0788183             0             0             0             0             0             0 
   198    -0.0231348     0.0456973             0    -0.0688321             0             0             0             0             0             0 
   199      0.106306     -0.064745             0      0.171051             0             0             0             0             0             0 
   200      0.432774      0.256262             0      0.176512             0             0             0             0             0             0 
   201     0.0269585       0.18453             0     -0.157572             0             0             0             0             0             0 
   202      0.329002      0.378317             0    -0.0493149             0             0             0             0             0             0 
   203     -0.393901     -0.802525             0      0.408624             0             0             0             0             0             0 
   204      0.137391      0.268054             0     -0.130663             0             0             0             0             0             0 
   205      0.243842      0.287884             0    -0.0440417             0             0             0             0             0             0 
   206     -0.424015      -0.76438             0      0.340365             0             0             0             0             0             0 
   213     0.0721101     -0.163475             0      0.235585             0             0             0             0             0             0 
   214     -0.176474    0.00902047             0     -0.185494             0             0             0             0             0             0 
   215     -0.114035      0.494097             0     -0.608133             0             0             0             0             0             0 
   216     0.0173013    -0.0111931             0     0.0284945             0             0             0             0             0             0 
   217     0.0134003    -0.0547104             0     0.0681107             0             0             0             0             0             0 
   218      0.299504      0.372047             0    -0.0725426             0             0             0             0             0             0 
   219     -0.168215    -0.0971604             0     -0.071055             0             0             0             0             0             0 
   220      0.402015      0.250943             0      0.151072             0             0             0             0             0             0 
   221       0.28004      0.100786             0      0.179254             0             0             0             0             0             0 
   222     0.0925423      0.268379             0     -0.175836             0             0             0             0             0             0 
   223       0.10822     0.0451607             0     0.0630596             0             0             0             0             0             0 
   224     -0.237963     -0.690858             0      0.452894             0             0             0             0             0             0 
   225       0.18779      0.354985             0     -0.167194             0             0             0             0             0             0 
   226    -0.0323675     -0.119268             0     0.0869005             0             0             0             0             0             0 
   227     -0.229743     -0.664886             0      0.435144             0             0             0             0             0             0 
   234     0.0343782     -0.137774             0      0.172152             0             0             0             0             0             0 
   235    -0.0278086     0.0657216             0    -0.0935303             0             0             0             0             0             0 
   236     -0.109774      0.333804             0     -0.443577             0             0             0             0             0             0 
   237     0.0145224    -0.0131518             0     0.0276743             0             0             0             0             0             0 
   238    -0.0249425     0.0371855             0     -0.062128             0             0             0             0             0             0 
   239     0.0292013      0.100742             0     -0.071541             0             0             0             0             0             0 
   240    -0.0116969     0.0322633             0    -0.0439602             0             0             0             0             0             0 
   241    0.00584221     0.0402164             0    -0.0343742             0             0             0             0             0             0 
   242     0.0248899    -0.0846109             0      0.109501             0             0             0             0             0             0 
   243     0.0224738      0.163202             0     -0.140728             0             0             0             0             0             0 
   244     0.0318083    -0.0287769             0     0.0605851             0             0             0             0             0             0 
   245     -0.116905     -0.481268             0      0.364363             0             0             0             0             0             0 
   246    -0.0144458      0.141392             0     -0.155837             0             0             0             0             0             0 
   247     -0.020928     -0.126869             0      0.105941             0             0             0             0             0             0 
   248    -0.0342269     -0.441513             0      0.407286             0             0             0             0             0             0 
   255     0.0213721    -0.0771372             0     0.0985093             0             0             0             0             0             0 
   256    -0.0637572     0.0822213             0     -0.145978             0             0             0             0             0             0 
   257    -0.0517205      0.204309             0     -0.256029             0             0             0             0             0             0 
   258     0.0548682     0.0163498             0     0.0385184             0             0             0             0             0             0 
   259     -0.305151     -0.163428             0     -0.141722             0             0             0             0             0             0 
   260    -0.0876399     0.0114477             0    -0.0990876             0             0             0             0             0             0 
   261      0.106027     0.0973291             0    0.00869759             0             0             0             0             0             0 
   262      -0.36058      -0.23434             0      -0.12624             0             0             0             0             0             0 
   263    -0.0659603    -0.0433957             0    -0.0225646             0             0             0             0             0             0 
   264     0.0465505      0.144235             0    -0.0976849             0             0             0             0             0             0 
   265    -0.0154037    -0.0983568             0     0.0829531             0             0             0             0             0             0 
   266    -0.0126908     -0.271465             0      0.258774             0             0             0             0             0             0 
   267     -0.179884    -0.0323957             0     -0.147488             0             0             0             0             0             0 
   268      0.190572     0.0198812             0      0.170691             0             0             0             0             0             0 
   269     0.0620954     -0.325524             0       0.38762             0             0             0             0             0             0 
   318    0.00033414    -0.0228604             0     0.0231946             0             0             0             0             0             0 
   319    -0.0700291     0.0505955             0     -0.120625             0             0             0             0             0             0 
   320    -0.0185766     0.0426922             0    -0.0612688             0             0             0             0             0             0 
   321     0.0315035     0.0304823             0    0.00102118             0             0             0             0             0             0 
   322     -0.124167     -0.130626             0     0.0064587             0             0             0             0             0             0 
   323     0.0461367     0.0484376             0   -0.00230082             0             0             0             0             0             0 
   324   -0.00779653    0.00783427             0    -0.0156308             0             0             0             0             0             0 
   325    -0.0426389    -0.0687414             0     0.0261025             0             0             0             0             0             0 
   326      0.111899     0.0714305             0     0.0404685             0             0             0             0             0             0 
   327    -0.0770895    -0.0180018             0    -0.0590877             0             0             0             0             0             0 
   328       0.21295      0.276301             0    -0.0633511             0             0             0             0             0             0 
   329     -0.213629     -0.366666             0      0.153037             0             0             0             0             0             0 
   330    -0.0141506     0.0363979             0    -0.0505485             0             0             0             0             0             0 
   331      0.223937      0.272434             0    -0.0484978             0             0             0             0             0             0 
   332     -0.269538     -0.400792             0      0.131254             0             0             0             0             0             0 
   339     0.0164013    -0.0110462             0     0.0274475             0             0             0             0             0             0 
   340     -0.204815     0.0241956             0      -0.22901             0             0             0             0             0             0 
   341    -0.0106547     0.0634065             0    -0.0740612             0             0             0             0             0             0 
   342      0.101003       0.10964             0   -0.00863737             0             0             0             0             0             0 
   343     -0.283471     -0.387088             0      0.103617             0             0             0             0             0             0 
   344      0.112823     0.0887146             0     0.0241081             0             0             0             0             0             0 
   345    -0.0250845    -0.0151888             0   -0.00989575             0             0             0             0             0             0 
   346      0.128446     -0.091774             0       0.22022             0             0             0             0             0             0 
   347      0.122714     0.0941342             0     0.0285795             0             0             0             0             0             0 
   348     0.0392434      0.115468             0    -0.0762251             0             0             0             0             0             0 
   349      0.202426      0.225628             0    -0.0232025             0             0             0             0             0             0 
   350     -0.184386     -0.382146             0       0.19776             0             0             0             0             0             0 
   351      0.142126      0.256593             0     -0.114467             0             0             0             0             0             0 
   352      0.126743      0.172025             0    -0.0452818             0             0             0             0             0             0 
   353     -0.264154     -0.560934             0      0.296781             0             0             0             0             0             0 
   360     0.0334297   -0.00788956             0     0.0413192             0             0             0             0             0             0 
   361     -0.188416    -0.0792962             0      -0.10912             0             0             0             0             0             0 
   362   -0.00555449      0.102222             0     -0.107776             0             0             0             0             0             0 
   363    -0.0284121    -0.0290436             0   0.000631548             0             0             0             0             0             0 
   364     0.0277755       -0.1221             0      0.149875             0             0             0             0             0             0 
   365      0.117512      0.116144             0    0.00136821             0             0             0             0             0             0 
   366     -0.209308     -0.203591             0    -0.0057165             0             0             0             0             0             0 
   367      0.443425      0.232557             0      0.210868             0             0             0             0             0             0 
   368     0.0706658     0.0545539             0     0.0161119             0             0             0             0             0             0 
   369     0.0521279      0.134253             0    -0.0821249             0             0             0             0             0             0 
   370     0.0904903     0.0291198             0     0.0613705             0             0             0             0             0             0 
   371     -0.107062     -0.318476             0      0.211414             0             0             0             0             0             0 
   372       0.13436       0.27021             0      -0.13585             0             0             0             0             0             0 
   373    -0.0146489      -0.10473             0     0.0900815             0             0             0             0             0             0 
   374     -0.131409     -0.484093             0      0.352684             0             0             0             0             0             0 
   381    0.00822314    -0.0272887             0     0.0355119             0             0             0             0             0             0 
   382     -0.023362   -0.00295864             0    -0.0204034             0             0             0             0             0             0 
   383    -0.0288697      0.062078             0    -0.0909478             0             0             0             0             0             0 
   384    -0.0226904    -0.0299629             0    0.00727251             0             0             0             0             0             0 
   385     0.0354074     0.0288817             0    0.00652577             0             0             0             0             0             0 
   386    -0.0219619   -0.00424841             0    -0.0177135             0             0             0             0             0             0 
   387    -0.0355705    -0.0352965             0  -0.000273937             0             0             0             0             0             0 
   388     0.0551676     0.0520757             0    0.00309187             0             0             0             0             0             0 
   389    -0.0409066    -0.0414051             0   0.000498451             0             0             0             0             0             0 
   390    0.00999434     0.0655742             0    -0.0555798             0             0             0             0             0             0 
   391    0.00415411    -0.0283058             0     0.0324599             0             0             0             0             0             0 
   392     -0.034396      -0.17826             0      0.143864             0             0             0             0             0             0 
   393   -0.00603155     0.0848478             0    -0.0908793             0             0             0             0             0             0 
   394   -0.00361928    -0.0774805             0     0.0738612             0             0             0             0             0             0 
   395     0.0143504     -0.223065             0      0.237416             0             0             0             0             0             0 
   402    0.00247016    -0.0164555             0     0.0189257             0             0             0             0             0             0 
   403    -0.0240822    0.00186132             0    -0.0259435             0             0             0             0             0             0 
   404    -0.0287797      0.019882             0    -0.0486617             0             0             0             0             0             0 
   405    0.00733226   0.000545914             0    0.00678634             0             0             0             0             0             0 
   406    -0.0665234     -0.039411             0    -0.0271124             0             0             0             0             0             0 
   407    -0.0862362    -0.0698082             0     -0.016428             0             0             0             0             0             0 
   408     0.0187603     0.0117104             0     0.0070499             0             0             0             0             0             0 
   409    -0.0728062    -0.0426071             0    -0.0301992             0             0             0             0             0             0 
   410       -0.1019     -0.084827             0    -0.0170725             0             0             0             0             0             0 
   411    0.00920438     0.0451899             0    -0.0359855             0             0             0             0             0             0 
   412     0.0120463    -0.0146658             0     0.0267122             0             0             0             0             0             0 
   413      0.018407    -0.0768886             0     0.0952956             0             0             0             0             0             0 
   414    -0.0461512     0.0240727             0    -0.0702239             0             0             0             0             0             0 
   415     0.0687954     0.0103594             0     0.0584361             0             0             0             0             0             0 
   416      0.134711    -0.0491185             0       0.18383             0             0             0             0             0             0 
