#varID         total       dxdbVol      dxdbSurf          dSdb          dndb    dxdbDirect          dVdb      distance       options          dvdb
   171     -0.064247     -0.171683             0      0.107436             0             0             0             0             0             0 
   172     -0.108078    -0.0721021             0    -0.0359759             0             0             0             0             0             0 
   173     -0.221537      -0.16823             0    -0.0533064             0             0             0             0             0             0 
   174     -0.170306      -0.17517             0    0.00486351             0             0             0             0             0             0 
   175     0.0276459     0.0523504             0    -0.0247044             0             0             0             0             0             0 
   176      0.243041      0.246033             0   -0.00299196             0             0             0             0             0             0 
   177     -0.122448    -0.0629512             0    -0.0594972             0             0             0             0             0             0 
   178    -0.0813524    -0.0837206             0     0.0023682             0             0             0             0             0             0 
   179      0.457299      0.427846             0      0.029453             0             0             0             0             0             0 
   180      0.177832      0.278399             0     -0.100567             0             0             0             0             0             0 
   181       0.18111        0.1644             0     0.0167098             0             0             0             0             0             0 
   182     -0.347557     -0.397553             0     0.0499955             0             0             0             0             0             0 
   183    -0.0173061     0.0399933             0    -0.0572994             0             0             0             0             0             0 
   184      0.667086      0.655147             0      0.011939             0             0             0             0             0             0 
   185     0.0833944     0.0545773             0      0.028817             0             0             0             0             0             0 
   192     -0.165995     -0.298864             0      0.132869             0             0             0             0             0             0 
   193     0.0845464      0.151915             0    -0.0673685             0             0             0             0             0             0 
   194      0.214186      0.280321             0     -0.066135             0             0             0             0             0             0 
   195     -0.524865     -0.527016             0    0.00215102             0             0             0             0             0             0 
   196       0.33399      0.350622             0    -0.0166315             0             0             0             0             0             0 
   197      0.244909      0.246694             0   -0.00178514             0             0             0             0             0             0 
   198     0.0733387      0.103716             0    -0.0303772             0             0             0             0             0             0 
   199     0.0902846     0.0611264             0     0.0291582             0             0             0             0             0             0 
   200     -0.328742     -0.343632             0     0.0148903             0             0             0             0             0             0 
   201       1.21355       1.29357             0    -0.0800208             0             0             0             0             0             0 
   202    -0.0363749    -0.0515994             0     0.0152245             0             0             0             0             0             0 
   203     -0.980193      -1.01968             0     0.0394897             0             0             0             0             0             0 
   204      0.744799      0.829456             0    -0.0846574             0             0             0             0             0             0 
   205    -0.0851082     -0.098407             0     0.0132989             0             0             0             0             0             0 
   206      0.853521      0.811093             0     0.0424278             0             0             0             0             0             0 
   213     -0.135685     -0.307072             0      0.171387             0             0             0             0             0             0 
   214       0.36732      0.428355             0    -0.0610349             0             0             0             0             0             0 
   215      0.565876       0.65121             0    -0.0853336             0             0             0             0             0             0 
   216     -0.137552       -0.1138             0    -0.0237511             0             0             0             0             0             0 
   217     -0.348923     -0.340706             0   -0.00821686             0             0             0             0             0             0 
   218     0.0351648      0.023949             0     0.0112158             0             0             0             0             0             0 
   219       0.48911       0.55166             0    -0.0625493             0             0             0             0             0             0 
   220     -0.719753     -0.734266             0     0.0145124             0             0             0             0             0             0 
   221     -0.583154     -0.614414             0     0.0312597             0             0             0             0             0             0 
   222      0.556481      0.632621             0    -0.0761403             0             0             0             0             0             0 
   223    -0.0329773    -0.0396389             0    0.00666159             0             0             0             0             0             0 
   224     -0.515852     -0.553157             0     0.0373054             0             0             0             0             0             0 
   225     -0.260867     -0.162113             0    -0.0987535             0             0             0             0             0             0 
   226      0.496381      0.475659             0     0.0207214             0             0             0             0             0             0 
   227      0.740137      0.691225             0     0.0489122             0             0             0             0             0             0 
   234    -0.0405118     -0.173898             0      0.133386             0             0             0             0             0             0 
   235     0.0326649     0.0888879             0     -0.056223             0             0             0             0             0             0 
   236       0.27696      0.343092             0    -0.0661319             0             0             0             0             0             0 
   237     0.0580883     0.0852668             0    -0.0271785             0             0             0             0             0             0 
   238     -0.176983     -0.138236             0    -0.0387472             0             0             0             0             0             0 
   239     -0.149475     -0.162943             0     0.0134679             0             0             0             0             0             0 
   240      0.145984      0.199166             0    -0.0531819             0             0             0             0             0             0 
   241     -0.149425     -0.131456             0     -0.017969             0             0             0             0             0             0 
   242     -0.179423     -0.206702             0     0.0272786             0             0             0             0             0             0 
   243     -0.167151     -0.126626             0    -0.0405245             0             0             0             0             0             0 
   244    -0.0423146    -0.0606888             0     0.0183741             0             0             0             0             0             0 
   245      0.282117      0.262093             0     0.0200237             0             0             0             0             0             0 
   246     -0.709135     -0.605172             0     -0.103963             0             0             0             0             0             0 
   247      0.632578      0.607985             0     0.0245931             0             0             0             0             0             0 
   248      0.513413      0.462084             0      0.051329             0             0             0             0             0             0 
   255    -0.0024738    -0.0818319             0     0.0793581             0             0             0             0             0             0 
   256     0.0778353      0.161446             0    -0.0836111             0             0             0             0             0             0 
   257     0.0231665     0.0622609             0    -0.0390944             0             0             0             0             0             0 
   258    0.00416952    0.00839383             0   -0.00422431             0             0             0             0             0             0 
   259      0.146688       0.21331             0    -0.0666213             0             0             0             0             0             0 
   260     0.0124933     0.0100885             0    0.00240475             0             0             0             0             0             0 
   261     0.0767544     0.0838729             0   -0.00711851             0             0             0             0             0             0 
   262     0.0483571     0.0931093             0    -0.0447522             0             0             0             0             0             0 
   263      0.299899       0.29556             0    0.00433875             0             0             0             0             0             0 
   264    -0.0551348    -0.0294491             0    -0.0256857             0             0             0             0             0             0 
   265     -0.433476     -0.421113             0    -0.0123632             0             0             0             0             0             0 
   266      0.536617      0.523945             0     0.0126713             0             0             0             0             0             0 
   267     -0.185966    -0.0672419             0     -0.118724             0             0             0             0             0             0 
   268     0.0691163     0.0670334             0    0.00208283             0             0             0             0             0             0 
   269      0.306201      0.247537             0     0.0586635             0             0             0             0             0             0 
   318    -0.0513744    -0.0632792             0     0.0119049             0             0             0             0             0             0 
   319     -0.258091     -0.247147             0    -0.0109439             0             0             0             0             0             0 
   320     0.0347381     0.0405629             0   -0.00582479             0             0             0             0             0             0 
   321    -0.0487854    -0.0445238             0   -0.00426166             0             0             0             0             0             0 
   322     -0.320942     -0.339593             0      0.018651             0             0             0             0             0             0 
   323      0.413393      0.411224             0    0.00216911             0             0             0             0             0             0 
   324    -0.0533326    -0.0427832             0    -0.0105494             0             0             0             0             0             0 
   325   -0.00553664    -0.0245399             0     0.0190033             0             0             0             0             0             0 
   326      0.266881      0.261507             0    0.00537409             0             0             0             0             0             0 
   327     0.0721403      0.111927             0    -0.0397865             0             0             0             0             0             0 
   328     0.0163116    0.00131486             0     0.0149967             0             0             0             0             0             0 
   329      0.327649      0.307616             0     0.0200331             0             0             0             0             0             0 
   330     0.0315021     0.0684864             0    -0.0369843             0             0             0             0             0             0 
   331    -0.0178176    -0.0277605             0    0.00994286             0             0             0             0             0             0 
   332      0.852858      0.834128             0     0.0187299             0             0             0             0             0             0 
   339    -0.0722875    -0.0841501             0     0.0118625             0             0             0             0             0             0 
   340     -0.341479      -0.32817             0    -0.0133084             0             0             0             0             0             0 
   341      0.206003      0.211777             0   -0.00577447             0             0             0             0             0             0 
   342    -0.0351711    -0.0119658             0    -0.0232053             0             0             0             0             0             0 
   343     -0.645543     -0.725128             0     0.0795848             0             0             0             0             0             0 
   344       1.29912       1.28731             0     0.0118092             0             0             0             0             0             0 
   345       0.23379      0.244768             0    -0.0109777             0             0             0             0             0             0 
   346     -0.103071     -0.181474             0     0.0784032             0             0             0             0             0             0 
   347      0.715657      0.709904             0    0.00575337             0             0             0             0             0             0 
   348      0.862892      0.907645             0    -0.0447532             0             0             0             0             0             0 
   349     -0.326046     -0.342311             0     0.0162644             0             0             0             0             0             0 
   350      0.211211      0.188767             0     0.0224439             0             0             0             0             0             0 
   351      0.817407      0.889661             0    -0.0722537             0             0             0             0             0             0 
   352      -0.98223     -0.993823             0     0.0115926             0             0             0             0             0             0 
   353       2.05759       2.02106             0     0.0365276             0             0             0             0             0             0 
   360     -0.011202    -0.0376272             0     0.0264252             0             0             0             0             0             0 
   361    -0.0534744    -0.0528245             0  -0.000649961             0             0             0             0             0             0 
   362      0.255048      0.268057             0    -0.0130086             0             0             0             0             0             0 
   363      0.178519       0.19476             0    -0.0162408             0             0             0             0             0             0 
   364     -0.880399     -0.953171             0      0.072772             0             0             0             0             0             0 
   365      0.942397      0.934111             0    0.00828535             0             0             0             0             0             0 
   366      0.408861       0.42236             0    -0.0134987             0             0             0             0             0             0 
   367       -0.6027      -0.66427             0     0.0615697             0             0             0             0             0             0 
   368      0.632522      0.625526             0    0.00699558             0             0             0             0             0             0 
   369      0.279463      0.320533             0    -0.0410697             0             0             0             0             0             0 
   370     0.0501691      0.040131             0     0.0100381             0             0             0             0             0             0 
   371     0.0594275     0.0390444             0     0.0203831             0             0             0             0             0             0 
   372     -0.778536     -0.700384             0    -0.0781512             0             0             0             0             0             0 
   373      0.589242      0.573041             0     0.0162014             0             0             0             0             0             0 
   374       1.25003       1.21085             0     0.0391821             0             0             0             0             0             0 
   381    0.00458208    -0.0243502             0     0.0289323             0             0             0             0             0             0 
   382    -0.0118956   -0.00152213             0    -0.0103734             0             0             0             0             0             0 
   383     0.0576506     0.0718689             0    -0.0142183             0             0             0             0             0             0 
   384     0.0963816      0.101662             0   -0.00528073             0             0             0             0             0             0 
   385     -0.245377     -0.242987             0   -0.00238987             0             0             0             0             0             0 
   386     0.0676989     0.0649273             0    0.00277165             0             0             0             0             0             0 
   387     0.0879536     0.0947559             0   -0.00680232             0             0             0             0             0             0 
   388     -0.189283     -0.182551             0   -0.00673188             0             0             0             0             0             0 
   389     0.0858893     0.0821037             0    0.00378558             0             0             0             0             0             0 
   390     -0.252186     -0.232977             0    -0.0192091             0             0             0             0             0             0 
   391     0.0710644      0.064773             0    0.00629134             0             0             0             0             0             0 
   392      0.218828      0.209222             0    0.00960555             0             0             0             0             0             0 
   393      -1.18735      -1.12198             0    -0.0653761             0             0             0             0             0             0 
   394      0.914139      0.901046             0     0.0130934             0             0             0             0             0             0 
   395      0.488545        0.4561             0     0.0324442             0             0             0             0             0             0 
   402    0.00017546    -0.0162399             0     0.0164154             0             0             0             0             0             0 
   403     0.0489918     0.0671295             0    -0.0181377             0             0             0             0             0             0 
   404    -0.0068226    0.00110854             0   -0.00793114             0             0             0             0             0             0 
   405   0.000986965    0.00413602             0   -0.00314906             0             0             0             0             0             0 
   406     0.0873528      0.103319             0    -0.0159666             0             0             0             0             0             0 
   407    0.00794056    0.00613989             0    0.00180067             0             0             0             0             0             0 
   408     0.0200507     0.0185218             0    0.00152889             0             0             0             0             0             0 
   409     0.0205472     0.0348061             0    -0.0142589             0             0             0             0             0             0 
   410      0.127559        0.1279             0  -0.000341194             0             0             0             0             0             0 
   411     -0.068875     -0.056932             0    -0.0119429             0             0             0             0             0             0 
   412     -0.231492     -0.230973             0  -0.000518906             0             0             0             0             0             0 
   413      0.122718       0.11672             0    0.00599766             0             0             0             0             0             0 
   414     -0.145574    -0.0837789             0    -0.0617948             0             0             0             0             0             0 
   415     0.0287241     0.0294186             0  -0.000694449             0             0             0             0             0             0 
   416     0.0446045     0.0139856             0     0.0306189             0             0             0             0             0             0 
