#varID         total       dxdbVol      dxdbSurf          dSdb          dndb    dxdbDirect          dVdb      distance       options          dvdb
   171     -0.148505     -0.345016             0      0.196511             0             0             0             0             0             0 
   172     -0.159711     -0.100797             0    -0.0589144             0             0             0             0             0             0 
   173       -1.7444      -1.23966             0     -0.504733             0             0             0             0             0             0 
   174      0.339429      0.189872             0      0.149556             0             0             0             0             0             0 
   175      -0.33932     -0.347113             0    0.00779345             0             0             0             0             0             0 
   176       -2.4474      -2.06268             0     -0.384719             0             0             0             0             0             0 
   177      0.341989      0.484228             0     -0.142238             0             0             0             0             0             0 
   178     0.0221166      0.054928             0    -0.0328114             0             0             0             0             0             0 
   179     -0.430631     -0.791887             0      0.361255             0             0             0             0             0             0 
   180      -1.21336     -0.936188             0     -0.277167             0             0             0             0             0             0 
   181    -0.0148955      0.178772             0     -0.193668             0             0             0             0             0             0 
   182       1.67418      0.959743             0      0.714436             0             0             0             0             0             0 
   183     -0.187747    -0.0911667             0    -0.0965799             0             0             0             0             0             0 
   184      0.390642      0.478908             0    -0.0882655             0             0             0             0             0             0 
   185      0.665255      0.414636             0       0.25062             0             0             0             0             0             0 
   192    -0.0812247     -0.302418             0      0.221193             0             0             0             0             0             0 
   193     -0.160388    -0.0519764             0     -0.108411             0             0             0             0             0             0 
   194     -0.718956     -0.148294             0     -0.570661             0             0             0             0             0             0 
   195      0.211759     0.0367499             0      0.175009             0             0             0             0             0             0 
   196     -0.179246     -0.181341             0    0.00209555             0             0             0             0             0             0 
   197     -0.929164     -0.478666             0     -0.450497             0             0             0             0             0             0 
   198      0.182524      0.334196             0     -0.151672             0             0             0             0             0             0 
   199      0.108096      0.126713             0    -0.0186174             0             0             0             0             0             0 
   200     -0.347693     -0.735921             0      0.388228             0             0             0             0             0             0 
   201     -0.784737     -0.477118             0     -0.307619             0             0             0             0             0             0 
   202   -0.00463196      0.144899             0     -0.149531             0             0             0             0             0             0 
   203      0.775748    -0.0179996             0      0.793747             0             0             0             0             0             0 
   204    -0.0933918     0.0620333             0     -0.155425             0             0             0             0             0             0 
   205      0.305278      0.371333             0    -0.0660543             0             0             0             0             0             0 
   206      0.108525     -0.294109             0      0.402634             0             0             0             0             0             0 
   213    -0.0280732      -0.27812             0      0.250047             0             0             0             0             0             0 
   214    -0.0511254     0.0227641             0    -0.0738894             0             0             0             0             0             0 
   215     -0.302042      0.342405             0     -0.644448             0             0             0             0             0             0 
   216      0.099872    -0.0630458             0      0.162918             0             0             0             0             0             0 
   217     0.0287765     0.0536437             0    -0.0248672             0             0             0             0             0             0 
   218     -0.262111      0.156153             0     -0.418265             0             0             0             0             0             0 
   219       0.10678      0.233328             0     -0.126548             0             0             0             0             0             0 
   220      0.177502      0.186335             0   -0.00883242             0             0             0             0             0             0 
   221     0.0633404      -0.25807             0       0.32141             0             0             0             0             0             0 
   222     -0.233829     0.0936105             0     -0.327439             0             0             0             0             0             0 
   223     0.0413773     0.0160494             0     0.0253279             0             0             0             0             0             0 
   224      0.449471     -0.392911             0      0.842382             0             0             0             0             0             0 
   225    -0.0967131      0.110478             0     -0.207191             0             0             0             0             0             0 
   226     0.0815788    -0.0345926             0      0.116171             0             0             0             0             0             0 
   227      0.122704     -0.414903             0      0.537608             0             0             0             0             0             0 
   234    -0.0123907     -0.196204             0      0.183813             0             0             0             0             0             0 
   235   -0.00482856     0.0526258             0    -0.0574544             0             0             0             0             0             0 
   236     -0.207256      0.266002             0     -0.473258             0             0             0             0             0             0 
   237     0.0396354    -0.0537045             0     0.0933399             0             0             0             0             0             0 
   238   -0.00501703     0.0662767             0    -0.0712937             0             0             0             0             0             0 
   239     -0.142071     0.0978612             0     -0.239932             0             0             0             0             0             0 
   240     0.0367902     0.0855465             0    -0.0487563             0             0             0             0             0             0 
   241    -0.0109892     0.0740609             0    -0.0850501             0             0             0             0             0             0 
   242    -0.0431247     -0.163974             0       0.12085             0             0             0             0             0             0 
   243    -0.0688218      0.132113             0     -0.200935             0             0             0             0             0             0 
   244    -0.0342272    -0.0929968             0     0.0587696             0             0             0             0             0             0 
   245      0.151328      -0.36824             0      0.519569             0             0             0             0             0             0 
   246    -0.0773532        0.1113             0     -0.188653             0             0             0             0             0             0 
   247      0.145311  -0.000780021             0      0.146091             0             0             0             0             0             0 
   248      0.125364     -0.366945             0      0.492309             0             0             0             0             0             0 
   255   0.000322508     -0.103801             0      0.104124             0             0             0             0             0             0 
   256    -0.0800739     0.0500438             0     -0.130118             0             0             0             0             0             0 
   257     -0.123745      0.147062             0     -0.270806             0             0             0             0             0             0 
   258     0.0360558    -0.0179616             0     0.0540174             0             0             0             0             0             0 
   259     -0.209766    -0.0864989             0     -0.123267             0             0             0             0             0             0 
   260     -0.139822   -0.00118291             0     -0.138639             0             0             0             0             0             0 
   261     0.0710039     0.0604148             0     0.0105891             0             0             0             0             0             0 
   262      -0.34701     -0.183882             0     -0.163128             0             0             0             0             0             0 
   263     -0.150322     -0.122933             0    -0.0273883             0             0             0             0             0             0 
   264   -0.00888296     0.0962486             0     -0.105132             0             0             0             0             0             0 
   265      -0.35672     -0.413161             0     0.0564407             0             0             0             0             0             0 
   266      0.147857     -0.131451             0      0.279307             0             0             0             0             0             0 
   267     -0.150645     0.0217938             0     -0.172439             0             0             0             0             0             0 
   268      0.203247     0.0160071             0       0.18724             0             0             0             0             0             0 
   269     0.0287722     -0.424142             0      0.452914             0             0             0             0             0             0 
   318   -0.00942146    -0.0376873             0     0.0282659             0             0             0             0             0             0 
   319    -0.0732256    -0.0342606             0     -0.038965             0             0             0             0             0             0 
   320     -0.195209     -0.121954             0    -0.0732544             0             0             0             0             0             0 
   321     0.0433886     0.0230251             0     0.0203635             0             0             0             0             0             0 
   322     -0.126496     -0.138694             0     0.0121975             0             0             0             0             0             0 
   323     -0.411226      -0.35932             0    -0.0519062             0             0             0             0             0             0 
   324    -0.0176341    0.00368803             0    -0.0213221             0             0             0             0             0             0 
   325     -0.061648    -0.0496313             0    -0.0120167             0             0             0             0             0             0 
   326       -0.3542     -0.408834             0     0.0546345             0             0             0             0             0             0 
   327      -0.49573     -0.415248             0    -0.0804821             0             0             0             0             0             0 
   328     0.0740964      0.177518             0     -0.103421             0             0             0             0             0             0 
   329      0.351174      0.143916             0      0.207258             0             0             0             0             0             0 
   330     -0.114739    -0.0585661             0    -0.0561727             0             0             0             0             0             0 
   331      0.301167      0.367458             0    -0.0662914             0             0             0             0             0             0 
   332      0.111557    -0.0333534             0       0.14491             0             0             0             0             0             0 
   339   -0.00344274    -0.0373545             0     0.0339118             0             0             0             0             0             0 
   340     -0.124654    -0.0535141             0    -0.0711395             0             0             0             0             0             0 
   341    -0.0875309    0.00188781             0    -0.0894187             0             0             0             0             0             0 
   342     0.0527217     0.0279384             0     0.0247833             0             0             0             0             0             0 
   343     -0.174792     -0.213836             0     0.0390438             0             0             0             0             0             0 
   344     -0.145126    -0.0832122             0    -0.0619135             0             0             0             0             0             0 
   345    -0.0321019   -0.00988688             0     -0.022215             0             0             0             0             0             0 
   346     0.0666495    0.00950364             0     0.0571459             0             0             0             0             0             0 
   347     -0.129018     -0.188996             0     0.0599778             0             0             0             0             0             0 
   348     -0.314249     -0.199923             0     -0.114327             0             0             0             0             0             0 
   349      0.130952      0.205027             0    -0.0740746             0             0             0             0             0             0 
   350      0.141012     -0.153863             0      0.294875             0             0             0             0             0             0 
   351    0.00277157      0.136133             0     -0.133361             0             0             0             0             0             0 
   352       0.25648      0.313215             0     -0.056735             0             0             0             0             0             0 
   353     -0.141613     -0.485562             0      0.343949             0             0             0             0             0             0 
   360    0.00195191    -0.0427819             0     0.0447338             0             0             0             0             0             0 
   361    -0.0629074    -0.0266826             0    -0.0362248             0             0             0             0             0             0 
   362     -0.046561     0.0695526             0     -0.116114             0             0             0             0             0             0 
   363    0.00295939    -0.0272448             0     0.0302042             0             0             0             0             0             0 
   364      0.010644    -0.0364897             0     0.0471337             0             0             0             0             0             0 
   365     -0.037197     0.0369181             0    -0.0741151             0             0             0             0             0             0 
   366    -0.0493275    -0.0390847             0    -0.0102428             0             0             0             0             0             0 
   367      0.234562      0.149248             0     0.0853137             0             0             0             0             0             0 
   368    -0.0087059    -0.0372144             0     0.0285085             0             0             0             0             0             0 
   369      -0.07414     0.0500156             0     -0.124156             0             0             0             0             0             0 
   370     0.0763263     0.0268911             0     0.0494353             0             0             0             0             0             0 
   371      0.088955     -0.230176             0      0.319131             0             0             0             0             0             0 
   372   -0.00546707      0.158501             0     -0.163968             0             0             0             0             0             0 
   373      0.054433    -0.0738491             0      0.128282             0             0             0             0             0             0 
   374    0.00595833      -0.41868             0      0.424638             0             0             0             0             0             0 
   381   -0.00103617    -0.0377986             0     0.0367624             0             0             0             0             0             0 
   382   -0.00882218   0.000428675             0   -0.00925086             0             0             0             0             0             0 
   383    -0.0445731     0.0494652             0    -0.0940383             0             0             0             0             0             0 
   384   0.000291402    -0.0191153             0     0.0194067             0             0             0             0             0             0 
   385    0.00905472     0.0133567             0     -0.004302             0             0             0             0             0             0 
   386    -0.0542044   -0.00564684             0    -0.0485576             0             0             0             0             0             0 
   387  -0.000720809   -0.00260978             0    0.00188897             0             0             0             0             0             0 
   388     0.0216477     0.0347293             0    -0.0130816             0             0             0             0             0             0 
   389    -0.0648319    -0.0597409             0   -0.00509102             0             0             0             0             0             0 
   390    -0.0323068     0.0405161             0     -0.072823             0             0             0             0             0             0 
   391    -0.0033079    -0.0414569             0      0.038149             0             0             0             0             0             0 
   392      0.037597     -0.150756             0      0.188353             0             0             0             0             0             0 
   393    -0.0575785     0.0513605             0     -0.108939             0             0             0             0             0             0 
   394     0.0300093    -0.0744766             0      0.104486             0             0             0             0             0             0 
   395     0.0971845     -0.186976             0      0.284161             0             0             0             0             0             0 
   402  -0.000275199    -0.0203613             0     0.0200861             0             0             0             0             0             0 
   403    -0.0236724   -0.00686242             0      -0.01681             0             0             0             0             0             0 
   404    -0.0368112      0.014844             0    -0.0516552             0             0             0             0             0             0 
   405    0.00369736   -0.00487292             0    0.00857028             0             0             0             0             0             0 
   406    -0.0489187    -0.0312305             0    -0.0176882             0             0             0             0             0             0 
   407    -0.0767755    -0.0559366             0    -0.0208389             0             0             0             0             0             0 
   408    0.00959663    0.00163937             0    0.00795725             0             0             0             0             0             0 
   409    -0.0645955    -0.0241806             0    -0.0404149             0             0             0             0             0             0 
   410     -0.103758    -0.0844967             0    -0.0192613             0             0             0             0             0             0 
   411    -0.0186723     0.0195115             0    -0.0381839             0             0             0             0             0             0 
   412    -0.0620032    -0.0800244             0     0.0180212             0             0             0             0             0             0 
   413     0.0304577    -0.0710348             0      0.101492             0             0             0             0             0             0 
   414    -0.0574755     0.0258865             0    -0.0833621             0             0             0             0             0             0 
   415     0.0333924    -0.0325133             0     0.0659058             0             0             0             0             0             0 
   416     0.0742406     -0.143639             0       0.21788             0             0             0             0             0             0 
