       #varID adjointSensitivity
          171     0.0655073
          172    -0.0926095
          173    -0.0265225
          174     0.0481363
          175     -0.150372
          176      0.398359
          177    -0.0837507
          178     -0.116219
          179      0.608857
          180     -0.196342
          181      0.307884
          182     -0.598938
          183    -0.0676946
          184       0.39465
          185     -0.642033
          192     0.0677888
          193     -0.213553
          194    0.00831103
          195      0.112689
          196     -0.300456
          197      0.394754
          198    -0.0282051
          199      0.112618
          200      0.350265
          201     0.0419603
          202      0.313721
          203     -0.442054
          204      0.134867
          205      0.226885
          206     -0.413951
          213      0.078596
          214     -0.152314
          215     -0.033191
          216     0.0099193
          217      0.017188
          218      0.282828
          219     -0.148911
          220      0.359768
          221      0.203793
          222      0.105594
          223     0.0964617
          224     -0.268023
          225      0.191171
          226    -0.0242561
          227     -0.242023
          234     0.0393481
          235    -0.0262986
          236    -0.0624245
          237     0.0121567
          238     -0.018022
          239     0.0407358
          240    -0.0107878
          241      0.013161
          242      0.026995
          243   -0.00303426
          244     0.0377364
          245    -0.0760937
          246    -0.0220548
          247   -0.00947993
          248    -0.0774624
          255     0.0274149
          256    -0.0591857
          257    -0.0288042
          258     0.0486259
          259     -0.242158
          260     -0.059963
          261     0.0785123
          262     -0.284335
          263    -0.0236665
          264    -0.0141463
          265    0.00341969
          266      0.060612
          267     -0.173839
          268      0.133521
          269     0.0353822
          318     0.0029331
          319    -0.0836403
          320    0.00178721
          321      0.030017
          322     -0.137518
          323      0.064143
          324    -0.0091075
          325    -0.0408387
          326      0.116296
          327    -0.0799315
          328      0.201754
          329     -0.216433
          330    -0.0247444
          331      0.211874
          332     -0.258215
          339     0.0192174
          340     -0.204395
          341    0.00522558
          342      0.096483
          343      -0.28348
          344      0.134782
          345    -0.0216859
          346      0.112494
          347      0.135196
          348     0.0506687
          349      0.175866
          350     -0.177008
          351      0.137748
          352     0.0949882
          353     -0.226817
          360     0.0337906
          361     -0.149157
          362  -7.99837e-05
          363    -0.0216021
          364     0.0331721
          365       0.10878
          366     -0.181428
          367      0.377575
          368     0.0708611
          369     0.0594472
          370     0.0732473
          371     -0.106589
          372      0.119176
          373   -0.00365619
          374     -0.134043
          381     0.0089696
          382    -0.0166799
          383    -0.0191133
          384    -0.0194105
          385     0.0350148
          386     -0.015881
          387    -0.0304133
          388     0.0490593
          389    -0.0348211
          390   3.74095e-05
          391    0.00862766
          392    -0.0290707
          393    -0.0130776
          394     0.0100335
          395    -0.0439525
          402    0.00343394
          403    -0.0191558
          404    -0.0198486
          405      0.006853
          406    -0.0504457
          407    -0.0669548
          408     0.0137318
          409    -0.0566804
          410    -0.0840924
          411   -0.00721464
          412     0.0121819
          413     0.0190899
          414    -0.0420362
          415     0.0459654
          416     0.0690629
