       #varID adjointSensitivity
          171    -0.0959554
          172     -0.130455
          173     -0.229448
          174     -0.188874
          175    -0.0365911
          176      0.349646
          177     -0.180295
          178     -0.138061
          179       0.66034
          180     0.0729765
          181      0.337931
          182     -0.425689
          183    -0.0646475
          184      0.952188
          185    -0.0842793
          192     -0.230238
          193     0.0427543
          194      0.209802
          195     -0.553313
          196       0.23812
          197      0.341704
          198      0.037934
          199      0.168294
          200     -0.261946
          201       1.24576
          202      0.158421
          203      -1.18805
          204      0.881299
          205      0.120813
          206       0.70013
          213     -0.164853
          214      0.348601
          215      0.570073
          216     -0.162282
          217     -0.411236
          218     0.0316479
          219      0.473305
          220     -0.596659
          221     -0.706131
          222       0.65734
          223      0.059105
          224     -0.709832
          225     -0.186392
          226      0.622844
          227      0.888269
          234    -0.0478308
          235     0.0464737
          236      0.231877
          237      0.063144
          238     -0.174407
          239     -0.208667
          240      0.165577
          241     -0.139564
          242     -0.240942
          243     -0.145323
          244    -0.0473413
          245      0.202002
          246     -0.809674
          247      0.748758
          248      0.881475
          255   -0.00768683
          256      0.124527
          257   -0.00751352
          258    -0.0018952
          259       0.20875
          260    0.00994801
          261     0.0790763
          262     0.0826986
          263      0.355447
          264    -0.0581456
          265     -0.480578
          266      0.543799
          267      -0.20316
          268     0.0637268
          269      0.542279
          318    -0.0828031
          319     -0.314693
          320     0.0500098
          321    -0.0401485
          322     -0.451234
          323      0.518804
          324    -0.0486183
          325    -0.0649255
          326      0.363875
          327     0.0268729
          328      0.124509
          329      0.284533
          330     0.0182441
          331      0.144301
          332      0.775647
          339     -0.110845
          340        -0.519
          341      0.256502
          342     0.0457209
          343      -0.96649
          344       1.59959
          345      0.283064
          346    -0.0883106
          347      0.930758
          348      0.943125
          349     -0.208579
          350      0.090365
          351       1.03645
          352     -0.925566
          353       2.00656
          360   -0.00262182
          361     -0.244344
          362      0.329984
          363       0.20674
          364      -1.09832
          365       1.21659
          366      0.330498
          367     -0.414963
          368      0.764891
          369      0.351683
          370      0.172202
          371    -0.0154895
          372     -0.634965
          373      0.656403
          374       1.45505
          381    0.00802574
          382    -0.0255455
          383     0.0584856
          384     0.0977246
          385     -0.256849
          386      0.100381
          387     0.0783909
          388      -0.16653
          389       0.10608
          390     -0.269749
          391     0.0958037
          392      0.239725
          393      -1.34936
          394       1.07069
          395       0.85044
          402  -0.000391184
          403     0.0747247
          404    -0.0115006
          405   -0.00057068
          406       0.12286
          407     0.0273127
          408     0.0221151
          409      0.027797
          410      0.183635
          411    -0.0721702
          412     -0.286539
          413      0.147726
          414     -0.169465
          415     0.0255691
          416      0.213447
