       #varID adjointSensitivity
          171    -0.0773894
          172     -0.113873
          173     -0.226578
          174     -0.177549
          175    0.00553487
          176      0.279525
          177     -0.138101
          178     -0.104817
          179      0.524528
          180      0.145953
          181       0.23023
          182     -0.371146
          183    -0.0349945
          184      0.765212
          185     0.0352121
          192     -0.191435
          193     0.0676147
          194      0.211398
          195     -0.533027
          196      0.297781
          197      0.279643
          198     0.0664051
          199      0.123498
          200      -0.30971
          201       1.22399
          202     0.0354505
          203      -1.05425
          204      0.792741
          205   -0.00920952
          206      0.802454
          213     -0.146779
          214      0.351815
          215      0.574321
          216      -0.14837
          217     -0.367621
          218     0.0380602
          219      0.478899
          220     -0.654027
          221     -0.630477
          222      0.592682
          223    0.00925158
          224     -0.586773
          225     -0.229169
          226      0.542725
          227      0.796662
          234    -0.0429883
          235     0.0378863
          236        0.2667
          237     0.0577451
          238     -0.171043
          239     -0.163794
          240      0.149954
          241     -0.137722
          242     -0.193723
          243     -0.158888
          244    -0.0408784
          245      0.253383
          246     -0.747188
          247      0.671834
          248      0.651981
          255   -0.00399202
          256     0.0993759
          257     0.0165213
          258    0.00062794
          259      0.177624
          260     0.0206893
          261      0.073899
          262      0.077089
          263      0.337047
          264    -0.0616692
          265     -0.444835
          266      0.545828
          267     -0.192878
          268     0.0478649
          269      0.389109
          318    -0.0645787
          319     -0.276999
          320     0.0406215
          321    -0.0463826
          322     -0.368393
          323      0.455164
          324    -0.0482804
          325    -0.0311832
          326      0.302894
          327     0.0582686
          328     0.0508005
          329      0.314896
          330     0.0249275
          331     0.0403557
          332       0.83153
          339    -0.0882696
          340     -0.412793
          341      0.227511
          342   -0.00308271
          343     -0.768241
          344       1.42016
          345      0.257013
          346    -0.0929202
          347      0.798767
          348      0.892081
          349     -0.280543
          350      0.166632
          351      0.898902
          352      -0.95703
          353       2.03771
          360   -0.00714006
          361     -0.139551
          362      0.289423
          363      0.186589
          364     -0.958937
          365       1.05942
          366      0.372162
          367     -0.505755
          368      0.685859
          369      0.306838
          370      0.105624
          371     0.0317592
          372     -0.714942
          373      0.612227
          374       1.32285
          381    0.00609663
          382    -0.0181276
          383     0.0599063
          384     0.0947007
          385     -0.244937
          386     0.0840194
          387     0.0814261
          388     -0.173591
          389      0.097256
          390     -0.259304
          391     0.0819863
          392      0.228293
          393      -1.25093
          394      0.971052
          395      0.625399
          402   7.42095e-05
          403     0.0596717
          404   -0.00745059
          405   0.000158132
          406       0.10263
          407     0.0178393
          408     0.0200696
          409     0.0267995
          410      0.153255
          411    -0.0716427
          412      -0.25276
          413      0.130681
          414     -0.155308
          415     0.0213202
          416      0.101114
