       #varID adjointSensitivity
          171    -0.0746775
          172     -0.112064
          173      -0.22494
          174     -0.176062
          175     0.0109904
          176      0.269297
          177     -0.133202
          178     -0.099337
          179      0.504786
          180       0.15517
          181      0.216407
          182     -0.363063
          183    -0.0305897
          184      0.739364
          185     0.0510857
          192      -0.18589
          193     0.0714745
          194      0.212217
          195     -0.530921
          196      0.305961
          197      0.269647
          198     0.0692502
          199      0.116615
          200     -0.317243
          201        1.2216
          202     0.0184211
          203      -1.03612
          204       0.78131
          205    -0.0279173
          206      0.816926
          213     -0.144489
          214      0.354238
          215      0.573075
          216     -0.146031
          217     -0.363174
          218     0.0369188
          219      0.480924
          220     -0.666387
          221     -0.621121
          222      0.583488
          223    0.00169761
          224     -0.571032
          225     -0.236434
          226      0.532194
          227      0.786055
          234    -0.0424929
          235     0.0368977
          236      0.269497
          237     0.0575623
          238     -0.171436
          239     -0.159513
          240      0.148557
          241     -0.138173
          242     -0.188837
          243      -0.16095
          244    -0.0404239
          245      0.258882
          246      -0.73825
          247       0.66101
          248      0.620828
          255   -0.00365152
          256     0.0955347
          257     0.0183977
          258    0.00117144
          259      0.172637
          260      0.020039
          261       0.07384
          262     0.0756911
          263      0.332529
          264     -0.062862
          265     -0.442087
          266      0.545523
          267       -0.1935
          268     0.0435453
          269      0.366165
          318    -0.0617239
          319     -0.272243
          320     0.0393311
          321    -0.0470317
          322     -0.357256
          323      0.445592
          324    -0.0488255
          325     -0.025758
          326      0.294013
          327     0.0622693
          328     0.0410976
          329      0.319211
          330     0.0263479
          331     0.0252928
          332      0.838702
          339    -0.0847587
          340     -0.397095
          341      0.222927
          342    -0.0101002
          343     -0.740699
          344       1.39322
          345      0.252397
          346    -0.0945619
          347      0.780053
          348      0.885151
          349     -0.290784
          350      0.177719
          351      0.879866
          352     -0.962735
          353        2.0437
          360   -0.00790844
          361     -0.122141
          362      0.282412
          363       0.18454
          364     -0.941295
          365       1.03479
          366      0.379421
          367     -0.524217
          368      0.674659
          369      0.299686
          370     0.0954714
          371     0.0388523
          372     -0.728689
          373       0.60729
          374       1.30809
          381    0.00578259
          382    -0.0168615
          383     0.0596008
          384     0.0948487
          385     -0.244415
          386       0.08089
          387     0.0825208
          388     -0.175891
          389     0.0952346
          390     -0.257769
          391     0.0794325
          392      0.226025
          393      -1.23596
          394      0.956665
          395      0.595759
          402   0.000103468
          403      0.057534
          404    -0.0071611
          405   0.000301407
          406     0.0997729
          407     0.0159691
          408     0.0199174
          409     0.0267491
          410      0.148454
          411     -0.071955
          412     -0.249092
          413      0.128579
          414     -0.154125
          415      0.019143
          416     0.0859962
