       #varID adjointSensitivity
          171     -0.384921
          172    -0.0581498
          173      -2.69239
          174      0.762904
          175      0.359199
          176      -3.84873
          177      0.328162
          178      0.659483
          179      -3.01596
          180      -1.82632
          181      -1.10006
          182       3.78182
          183     -0.190668
          184    -0.0700234
          185      0.450043
          192     -0.168248
          193    -0.0144335
          194      -2.42631
          195       1.38835
          196      0.810419
          197      -5.30479
          198      0.435372
          199      0.949729
          200      -5.95778
          201      -3.15326
          202      -2.41863
          203       9.26974
          204     -0.543263
          205     -0.238485
          206       1.72157
          213     0.0464093
          214    -0.0390936
          215     -0.157828
          216      0.463166
          217      0.307077
          218      -2.11072
          219      0.231672
          220      0.312874
          221      -3.49756
          222      -1.26269
          223     -0.753811
          224       2.87259
          225     -0.576275
          226    -0.0522533
          227       1.04916
          234    -0.0121034
          235    0.00553048
          236    -0.0825731
          237       0.04122
          238     0.0553749
          239     -0.470603
          240      0.110177
          241     0.0833068
          242     -0.757001
          243     -0.114051
          244      0.019057
          245     0.0953215
          246     -0.223105
          247     0.0774497
          248      0.410694
          255    -0.0186013
          256    -0.0214348
          257    -0.0802887
          258     0.0138092
          259    -0.0853572
          260     -0.145527
          261     0.0259151
          262     -0.132449
          263     -0.206741
          264    -0.0147076
          265     -0.133438
          266    0.00669255
          267     -0.110232
          268     0.0930724
          269      0.162524
          318    -0.0328206
          319    -0.0471884
          320     -0.331467
          321      0.071436
          322     0.0287375
          323     -0.841307
          324     -0.198368
          325     0.0379128
          326     -0.742034
          327     -0.527457
          328     -0.271438
          329      0.883364
          330     -0.115813
          331   -0.00409023
          332      0.125123
          339     -0.017868
          340    -0.0674212
          341     -0.299865
          342      0.162655
          343      0.171895
          344      -1.15878
          345     -0.217894
          346      0.170147
          347      -1.31309
          348      -1.03632
          349     -0.527654
          350       2.14102
          351     -0.479118
          352    0.00440317
          353      0.516357
          360     0.0133408
          361    -0.0668108
          362    0.00345783
          363     0.0519397
          364      0.119688
          365     -0.399565
          366    -0.0721159
          367      0.170992
          368     -0.681853
          369     -0.539992
          370     -0.137828
          371      0.733384
          372     -0.488394
          373    -0.0014503
          374      0.418795
          381   0.000407425
          382   -0.00623522
          383    -0.0117951
          384    0.00330304
          385     0.0341832
          386    -0.0925004
          387     0.0146594
          388     0.0470541
          389     -0.175029
          390    -0.0731762
          391     0.0120255
          392     0.0755752
          393     -0.132785
          394     0.0103865
          395      0.244204
          402   -0.00247975
          403    -0.0107476
          404    -0.0192876
          405    0.00366803
          406    -0.0210123
          407     -0.050387
          408    0.00584701
          409    -0.0182835
          410    -0.0752003
          411    -0.0178094
          412    -0.0262969
          413     0.0194841
          414    -0.0534594
          415     0.0250706
          416     0.0927393
