       #varID adjointSensitivity
          171    -0.0525993
          172      -0.13366
          173      -1.78022
          174      0.399352
          175     -0.210024
          176      -1.27761
          177     0.0969618
          178     -0.158041
          179      0.583775
          180     -0.948308
          181      0.376292
          182       1.04916
          183     -0.159458
          184      0.468504
          185      0.264245
          192     -0.028589
          193     -0.153451
          194     -0.748142
          195       0.24036
          196     -0.182861
          197     -0.443339
          198     0.0978593
          199     0.0633342
          200      0.329916
          201     -0.401921
          202      0.254087
          203      0.487373
          204     0.0430088
          205      0.287147
          206    -0.0765321
          213     0.0018536
          214    -0.0815852
          215     -0.296846
          216      0.081451
          217     0.0108107
          218    -0.0194888
          219   -0.00470371
          220       0.20301
          221       0.29116
          222    -0.0692868
          223     0.0647677
          224      0.178324
          225     0.0293533
          226     0.0281264
          227    -0.0145935
          234     0.0017743
          235   -0.00630983
          236     -0.184249
          237     0.0289904
          238    -0.0026555
          239    -0.0196607
          240    0.00709935
          241    -0.0207133
          242     0.0669606
          243    -0.0250507
          244    -0.0688692
          245     0.0710472
          246     -0.044422
          247     0.0663824
          248      0.103184
          255    0.00305837
          256     -0.063956
          257     -0.105235
          258     0.0285287
          259     -0.184908
          260     -0.100607
          261     0.0676147
          262     -0.348941
          263     -0.108631
          264      0.025309
          265     -0.410834
          266       0.12194
          267     -0.123578
          268      0.137394
          269     0.0545027
          318   -0.00665683
          319    -0.0662115
          320     -0.211883
          321     0.0534289
          322     -0.108615
          323     -0.234094
          324    -0.0326601
          325    -0.0488443
          326    -0.0253318
          327     -0.339246
          328      0.235648
          329      0.224586
          330    -0.0571924
          331       0.27491
          332    -0.0144812
          339    0.00140925
          340     -0.133797
          341    -0.0964793
          342     0.0637895
          343     -0.187702
          344    -0.0640497
          345    -0.0206434
          346      0.076856
          347     0.0476561
          348     -0.115422
          349      0.192308
          350     0.0492597
          351      0.094556
          352      0.186212
          353     -0.170614
          360    0.00869687
          361    -0.0909775
          362    -0.0459504
          363   -0.00593934
          364    0.00719114
          365    0.00876726
          366    -0.0885325
          367      0.261378
          368     0.0386891
          369   -0.00382108
          370     0.0728921
          371     0.0072297
          372     0.0471854
          373     0.0185012
          374    -0.0331982
          381    0.00156066
          382    -0.0113226
          383     -0.041555
          384   -0.00546108
          385     0.0144252
          386    -0.0313066
          387    -0.0110231
          388     0.0241538
          389    -0.0363394
          390    -0.0105272
          391    -0.0152218
          392    0.00416395
          393    -0.0332815
          394    0.00843301
          395     0.0744899
          402   0.000445059
          403    -0.0207367
          404    -0.0331115
          405    0.00265187
          406    -0.0454076
          407    -0.0667851
          408     0.0117372
          409    -0.0668535
          410    -0.0852126
          411   0.000315296
          412    -0.0752899
          413     0.0101508
          414     -0.037485
          415     0.0235142
          416     0.0752296
