       #varID adjointSensitivity
          171     0.0388812
          172    -0.0805974
          173     -0.478731
          174       0.13585
          175     -0.124236
          176      0.142936
          177    -0.0785028
          178    -0.0795137
          179       0.73826
          180     -0.249942
          181      0.370339
          182     -0.305366
          183   -0.00443089
          184      0.403619
          185     -0.476373
          192      0.036421
          193      -0.15819
          194     -0.318872
          195      0.162028
          196     -0.247178
          197      0.218355
          198   -0.00845503
          199     0.0775212
          200      0.520143
          201    -0.0112329
          202      0.298026
          203     -0.214469
          204      0.131261
          205      0.232034
          206     -0.337406
          213     0.0433834
          214      -0.11863
          215     -0.235747
          216     0.0555929
          217   -0.00927772
          218      0.204102
          219    -0.0959521
          220      0.281296
          221      0.372006
          222     0.0620545
          223     0.0893578
          224     -0.108647
          225      0.109549
          226    -0.0144297
          227     -0.117353
          234     0.0231754
          235    -0.0195649
          236     -0.169905
          237     0.0331574
          238    -0.0395405
          239    -0.0131141
          240   -0.00113548
          241    -0.0212182
          242     0.0539652
          243     0.0110089
          244    0.00356797
          245    -0.0664569
          246    -0.0446042
          247    -0.0151522
          248     0.0899898
          255     0.0168282
          256     -0.075084
          257    -0.0831902
          258     0.0552259
          259     -0.300254
          260     -0.104439
          261     0.0930074
          262      -0.37261
          263    -0.0630116
          264     0.0293251
          265     -0.101685
          266     0.0135749
          267     -0.172253
          268      0.173688
          269     0.0893814
          318    0.00189268
          319    -0.0608208
          320    -0.0601895
          321      0.031072
          322     -0.104982
          323    -0.0056853
          324    -0.0177016
          325    -0.0281146
          326     0.0861602
          327     -0.083599
          328      0.223388
          329     -0.155605
          330     0.0100718
          331      0.220045
          332     -0.219002
          339     0.0111568
          340     -0.160006
          341    -0.0440313
          342     0.0727278
          343     -0.234435
          344     0.0492504
          345    -0.0251415
          346      0.101866
          347      0.094673
          348     0.0318778
          349       0.19156
          350     -0.144716
          351      0.132539
          352      0.132667
          353     -0.223052
          360      0.020401
          361     -0.140045
          362    -0.0292038
          363    -0.0160133
          364    -0.0011253
          365      0.069544
          366      -0.14486
          367      0.345178
          368     0.0562318
          369     0.0413479
          370     0.0840246
          371    -0.0724577
          372     0.0765653
          373   -0.00254475
          374    -0.0441637
          381    0.00570755
          382    -0.0189916
          383    -0.0406522
          384    -0.0100846
          385     0.0151914
          386    -0.0337648
          387    -0.0207174
          388     0.0332105
          389     -0.039639
          390    0.00649671
          391   -0.00345537
          392    -0.0150835
          393    -0.0303822
          394    0.00100409
          395      0.119571
          402    0.00200013
          403    -0.0243531
          404    -0.0359926
          405     0.0069452
          406     -0.063952
          407    -0.0896865
          408     0.0154668
          409    -0.0721488
          410    -0.0931199
          411     0.0040566
          412   -0.00945126
          413     0.0337231
          414     -0.051029
          415     0.0648878
          416      0.171456
