       #varID adjointSensitivity
          171     0.0283741
          172    -0.0974204
          173     -0.987878
          174      0.246009
          175     -0.150007
          176     -0.321629
          177    -0.0375889
          178     -0.125056
          179      0.659895
          180     -0.542094
          181      0.382294
          182       0.15917
          183    -0.0708206
          184      0.418737
          185     -0.132878
          192     0.0173042
          193     -0.147699
          194     -0.510637
          195      0.202927
          196     -0.221317
          197     -0.029679
          198     0.0338456
          199     0.0693924
          200      0.444531
          201     -0.168645
          202      0.283718
          203     0.0411611
          204     0.0928175
          205      0.243602
          206     -0.213226
          213     0.0258121
          214    -0.0960145
          215     -0.269789
          216     0.0716303
          217   -0.00479697
          218      0.111065
          219    -0.0571096
          220      0.240908
          221      0.344846
          222     0.0104704
          223     0.0792742
          224   -0.00518356
          225     0.0729499
          226   -0.00841558
          227    -0.0759382
          234      0.015918
          235    -0.0161226
          236     -0.180719
          237     0.0374296
          238    -0.0386126
          239    -0.0328156
          240    0.00314143
          241    -0.0274818
          242     0.0546635
          243   -0.00305536
          244    0.00157924
          245    -0.0346605
          246    -0.0590431
          247    -0.0192565
          248     0.0929038
          255     0.0141077
          256    -0.0760232
          257     -0.088478
          258     0.0543798
          259     -0.286628
          260     -0.105357
          261     0.0942431
          262     -0.366224
          263     -0.063698
          264     0.0347078
          265     -0.107795
          266     0.0365028
          267      -0.17471
          268      0.172155
          269     0.0924102
          318    0.00140496
          319    -0.0626634
          320     -0.119793
          321     0.0406063
          322     -0.107418
          323    -0.0824077
          324    -0.0285263
          325    -0.0371064
          326     0.0444991
          327     -0.196414
          328      0.232816
          329   0.000698618
          330    -0.0211838
          331       0.24014
          332      -0.11859
          339    0.00791925
          340     -0.145071
          341    -0.0689007
          342     0.0690685
          343     -0.216848
          344    0.00402152
          345    -0.0242291
          346     0.0889745
          347     0.0764915
          348    -0.0318702
          349      0.191489
          350     -0.064296
          351      0.113215
          352      0.150544
          353     -0.192837
          360       0.01464
          361     -0.112129
          362    -0.0390318
          363    -0.0102082
          364   0.000181472
          365     0.0400413
          366     -0.118239
          367        0.3007
          368     0.0486025
          369     0.0235073
          370     0.0772353
          371    -0.0424326
          372     0.0633879
          373  -0.000404149
          374    -0.0381145
          381    0.00409398
          382    -0.0156865
          383    -0.0431061
          384   -0.00637651
          385      0.010554
          386    -0.0395052
          387    -0.0160286
          388     0.0248291
          389    -0.0423237
          390   0.000676408
          391   -0.00484355
          392   -0.00959033
          393    -0.0331264
          394   -0.00376687
          395      0.109491
          402    0.00159547
          403    -0.0239328
          404    -0.0366764
          405    0.00688145
          406    -0.0617013
          407    -0.0887562
          408      0.016064
          409    -0.0722072
          410    -0.0957211
          411    0.00456798
          412    -0.0132364
          413     0.0319796
          414    -0.0504817
          415     0.0595441
          416      0.159061
