       #varID adjointSensitivity
          171    -0.0831829
          172     -0.118251
          173     -0.228058
          174     -0.180676
          175   -0.00693077
          176      0.300393
          177     -0.149037
          178     -0.115513
          179      0.564109
          180      0.125554
          181      0.261009
          182     -0.387065
          183    -0.0445282
          184      0.819819
          185    0.00261289
          192     -0.203169
          193     0.0593081
          194      0.211061
          195     -0.537127
          196      0.278949
          197      0.298646
          198     0.0600502
          199       0.13845
          200     -0.296388
          201        1.2296
          202     0.0727335
          203      -1.09289
          204      0.817396
          205     0.0299106
          206      0.773565
          213     -0.151923
          214      0.348083
          215       0.57554
          216     -0.152566
          217     -0.378128
          218     0.0373154
          219      0.475222
          220     -0.629602
          221     -0.653386
          222      0.611311
          223     0.0254828
          224     -0.622337
          225      -0.21562
          226      0.565822
          227      0.821765
          234    -0.0444284
          235     0.0401722
          236      0.258772
          237     0.0585838
          238      -0.17067
          239     -0.175151
          240      0.153499
          241     -0.137123
          242     -0.206248
          243     -0.155044
          244      -0.04238
          245      0.238975
          246     -0.766478
          247      0.694817
          248      0.719009
          255   -0.00499315
          256      0.107224
          257     0.0109321
          258  -0.000304902
          259      0.187458
          260     0.0196983
          261     0.0748154
          262     0.0791504
          263      0.344578
          264    -0.0599016
          265      -0.45343
          266      0.545743
          267     -0.193871
          268     0.0547991
          269      0.435856
          318    -0.0704324
          319     -0.287633
          320     0.0434933
          321     -0.044619
          322     -0.392884
          323      0.474976
          324    -0.0475245
          325    -0.0421172
          326      0.321291
          327     0.0492723
          328     0.0719854
          329      0.306496
          330     0.0218617
          331     0.0714286
          332       0.81684
          339    -0.0954321
          340     -0.445568
          341      0.236809
          342      0.012612
          343     -0.827953
          344        1.4758
          345      0.266167
          346    -0.0899246
          347      0.837885
          348      0.906549
          349     -0.258336
          350      0.144036
          351      0.938561
          352     -0.945944
          353       2.02767
          360   -0.00556451
          361     -0.174007
          362      0.302855
          363       0.19194
          364     -0.997401
          365       1.10876
          366       0.35732
          367     -0.470106
          368      0.708819
          369      0.320427
          370      0.127033
          371      0.016984
          372     -0.688779
          373      0.623587
          374       1.35796
          381    0.00668372
          382    -0.0205723
          383     0.0600245
          384     0.0947893
          385     -0.246703
          386     0.0897131
          387     0.0795059
          388     -0.169561
          389      0.100636
          390     -0.262778
          391     0.0868394
          392      0.232034
          393      -1.28163
          394       1.00087
          395      0.690294
          402  -4.66557e-05
          403     0.0641773
          404   -0.00834874
          405  -9.67664e-05
          406      0.108642
          407     0.0212303
          408     0.0205515
          409     0.0269547
          410      0.162916
          411    -0.0714389
          412     -0.261829
          413      0.135429
          414     -0.158766
          415     0.0241635
          416      0.133647
