       #varID adjointSensitivity
          171    -0.0724826
          172     -0.109629
          173      -0.22524
          174     -0.174631
          175     0.0174821
          176      0.257912
          177     -0.127831
          178    -0.0938933
          179      0.484667
          180      0.165762
          181      0.200886
          182      -0.35377
          183    -0.0251037
          184      0.712351
          185     0.0681407
          192     -0.181084
          193     0.0761648
          194      0.212335
          195     -0.529059
          196      0.316072
          197      0.258876
          198     0.0733281
          199      0.109494
          200     -0.326342
          201       1.22088
          202  -0.000917453
          203      -1.01726
          204      0.770753
          205    -0.0481299
          206      0.833067
          213     -0.142711
          214      0.356674
          215      0.571863
          216     -0.143898
          217     -0.358011
          218     0.0353488
          219      0.483609
          220     -0.678782
          221     -0.613603
          222      0.575134
          223   -0.00697801
          224     -0.556386
          225     -0.243854
          226      0.522053
          227      0.775119
          234    -0.0420122
          235     0.0359123
          236       0.27241
          237     0.0572704
          238     -0.171785
          239     -0.155698
          240      0.146932
          241     -0.138813
          242     -0.184208
          243     -0.163271
          244    -0.0399826
          245      0.264178
          246     -0.729954
          247      0.651426
          248        0.5897
          255    -0.0032589
          256     0.0917377
          257     0.0200882
          258    0.00172972
          259      0.167499
          260     0.0188902
          261     0.0739626
          262     0.0735459
          263      0.328149
          264    -0.0645021
          265     -0.440177
          266      0.546161
          267     -0.194905
          268     0.0389098
          269      0.342826
          318    -0.0590573
          319     -0.266971
          320     0.0378089
          321    -0.0479059
          322      -0.34521
          323      0.436074
          324    -0.0491873
          325    -0.0202822
          326      0.284813
          327      0.067128
          328     0.0301708
          329      0.323821
          330     0.0285511
          331      0.009235
          332      0.846804
          339    -0.0815481
          340     -0.380973
          341      0.218607
          342    -0.0175346
          343     -0.711525
          344       1.36714
          345      0.248293
          346    -0.0956547
          347      0.760797
          348      0.879634
          349     -0.302868
          350      0.188963
          351      0.862378
          352     -0.970888
          353       2.05161
          360   -0.00881433
          361     -0.105247
          362       0.27604
          363      0.182202
          364     -0.923087
          365       1.01125
          366       0.38674
          367     -0.541791
          368      0.663015
          369      0.293562
          370     0.0846485
          371     0.0446697
          372     -0.742279
          373      0.602387
          374       1.29338
          381    0.00545626
          382    -0.0156183
          383     0.0594127
          384     0.0948993
          385     -0.243774
          386     0.0778848
          387     0.0834509
          388     -0.178126
          389     0.0931739
          390     -0.256416
          391      0.077172
          392      0.223575
          393      -1.22264
          394      0.944147
          395        0.5669
          402   0.000140811
          403     0.0554959
          404   -0.00690542
          405   0.000435718
          406     0.0969356
          407     0.0140525
          408     0.0197666
          409     0.0264218
          410      0.143733
          411    -0.0725548
          412     -0.245717
          413      0.126915
          414     -0.153404
          415     0.0168357
          416     0.0708126
