       #varID adjointSensitivity
          171     -0.148505
          172     -0.159711
          173       -1.7444
          174      0.339429
          175      -0.33932
          176       -2.4474
          177      0.341989
          178     0.0221166
          179     -0.430631
          180      -1.21336
          181    -0.0148955
          182       1.67418
          183     -0.187747
          184      0.390642
          185      0.665255
          192    -0.0812247
          193     -0.160388
          194     -0.718956
          195      0.211759
          196     -0.179246
          197     -0.929164
          198      0.182524
          199      0.108096
          200     -0.347693
          201     -0.784737
          202   -0.00463196
          203      0.775748
          204    -0.0933918
          205      0.305278
          206      0.108525
          213    -0.0280732
          214    -0.0511254
          215     -0.302042
          216      0.099872
          217     0.0287765
          218     -0.262111
          219       0.10678
          220      0.177502
          221     0.0633404
          222     -0.233829
          223     0.0413773
          224      0.449471
          225    -0.0967131
          226     0.0815788
          227      0.122704
          234    -0.0123907
          235   -0.00482856
          236     -0.207256
          237     0.0396354
          238   -0.00501703
          239     -0.142071
          240     0.0367902
          241    -0.0109892
          242    -0.0431247
          243    -0.0688218
          244    -0.0342272
          245      0.151328
          246    -0.0773532
          247      0.145311
          248      0.125364
          255   0.000322508
          256    -0.0800739
          257     -0.123745
          258     0.0360558
          259     -0.209766
          260     -0.139822
          261     0.0710039
          262      -0.34701
          263     -0.150322
          264   -0.00888296
          265      -0.35672
          266      0.147857
          267     -0.150645
          268      0.203247
          269     0.0287722
          318   -0.00942146
          319    -0.0732256
          320     -0.195209
          321     0.0433886
          322     -0.126496
          323     -0.411226
          324    -0.0176341
          325     -0.061648
          326       -0.3542
          327      -0.49573
          328     0.0740964
          329      0.351174
          330     -0.114739
          331      0.301167
          332      0.111557
          339   -0.00344274
          340     -0.124654
          341    -0.0875309
          342     0.0527217
          343     -0.174792
          344     -0.145126
          345    -0.0321019
          346     0.0666495
          347     -0.129018
          348     -0.314249
          349      0.130952
          350      0.141012
          351    0.00277157
          352       0.25648
          353     -0.141613
          360    0.00195191
          361    -0.0629074
          362     -0.046561
          363    0.00295939
          364      0.010644
          365     -0.037197
          366    -0.0493275
          367      0.234562
          368    -0.0087059
          369      -0.07414
          370     0.0763263
          371      0.088955
          372   -0.00546707
          373      0.054433
          374    0.00595833
          381   -0.00103617
          382   -0.00882218
          383    -0.0445731
          384   0.000291402
          385    0.00905472
          386    -0.0542044
          387  -0.000720809
          388     0.0216477
          389    -0.0648319
          390    -0.0323068
          391    -0.0033079
          392      0.037597
          393    -0.0575785
          394     0.0300093
          395     0.0971845
          402  -0.000275199
          403    -0.0236724
          404    -0.0368112
          405    0.00369736
          406    -0.0489187
          407    -0.0767755
          408    0.00959663
          409    -0.0645955
          410     -0.103758
          411    -0.0186723
          412    -0.0620032
          413     0.0304577
          414    -0.0574755
          415     0.0333924
          416     0.0742406
