       #varID adjointSensitivity
          171     -0.064247
          172     -0.108078
          173     -0.221537
          174     -0.170306
          175     0.0276459
          176      0.243041
          177     -0.122448
          178    -0.0813524
          179      0.457299
          180      0.177832
          181       0.18111
          182     -0.347557
          183    -0.0173061
          184      0.667086
          185     0.0833944
          192     -0.165995
          193     0.0845464
          194      0.214186
          195     -0.524865
          196       0.33399
          197      0.244909
          198     0.0733387
          199     0.0902846
          200     -0.328742
          201       1.21355
          202    -0.0363749
          203     -0.980193
          204      0.744799
          205    -0.0851082
          206      0.853521
          213     -0.135685
          214       0.36732
          215      0.565876
          216     -0.137552
          217     -0.348923
          218     0.0351648
          219       0.48911
          220     -0.719753
          221     -0.583154
          222      0.556481
          223    -0.0329773
          224     -0.515852
          225     -0.260867
          226      0.496381
          227      0.740137
          234    -0.0405118
          235     0.0326649
          236       0.27696
          237     0.0580883
          238     -0.176983
          239     -0.149475
          240      0.145984
          241     -0.149425
          242     -0.179423
          243     -0.167151
          244    -0.0423146
          245      0.282117
          246     -0.709135
          247      0.632578
          248      0.513413
          255    -0.0024738
          256     0.0778353
          257     0.0231665
          258    0.00416952
          259      0.146688
          260     0.0124933
          261     0.0767544
          262     0.0483571
          263      0.299899
          264    -0.0551348
          265     -0.433476
          266      0.536617
          267     -0.185966
          268     0.0691163
          269      0.306201
          318    -0.0513744
          319     -0.258091
          320     0.0347381
          321    -0.0487854
          322     -0.320942
          323      0.413393
          324    -0.0533326
          325   -0.00553664
          326      0.266881
          327     0.0721403
          328     0.0163116
          329      0.327649
          330     0.0315021
          331    -0.0178176
          332      0.852858
          339    -0.0722875
          340     -0.341479
          341      0.206003
          342    -0.0351711
          343     -0.645543
          344       1.29912
          345       0.23379
          346     -0.103071
          347      0.715657
          348      0.862892
          349     -0.326046
          350      0.211211
          351      0.817407
          352      -0.98223
          353       2.05759
          360     -0.011202
          361    -0.0534744
          362      0.255048
          363      0.178519
          364     -0.880399
          365      0.942397
          366      0.408861
          367       -0.6027
          368      0.632522
          369      0.279463
          370     0.0501691
          371     0.0594275
          372     -0.778536
          373      0.589242
          374       1.25003
          381    0.00458208
          382    -0.0118956
          383     0.0576506
          384     0.0963816
          385     -0.245377
          386     0.0676989
          387     0.0879536
          388     -0.189283
          389     0.0858893
          390     -0.252186
          391     0.0710644
          392      0.218828
          393      -1.18735
          394      0.914139
          395      0.488545
          402    0.00017546
          403     0.0489918
          404    -0.0068226
          405   0.000986965
          406     0.0873528
          407    0.00794056
          408     0.0200507
          409     0.0205472
          410      0.127559
          411     -0.068875
          412     -0.231492
          413      0.122718
          414     -0.145574
          415     0.0287241
          416     0.0446045
