       #varID adjointSensitivity
          171    -0.0675124
          172     -0.107571
          173     -0.225961
          174     -0.171725
          175     0.0257409
          176      0.246487
          177     -0.123383
          178    -0.0852961
          179      0.465902
          180      0.175739
          181      0.185942
          182     -0.348738
          183    -0.0188026
          184      0.679627
          185     0.0800299
          192     -0.171757
          193      0.083514
          194      0.211279
          195      -0.52652
          196      0.330506
          197      0.248824
          198     0.0746649
          199     0.0954494
          200     -0.327728
          201       1.21746
          202    -0.0276172
          203      -0.99067
          204      0.753531
          205    -0.0756732
          206      0.849492
          213     -0.138519
          214      0.364473
          215      0.567452
          216     -0.139665
          217     -0.351439
          218     0.0365027
          219      0.488308
          220     -0.708146
          221     -0.591458
          222      0.563567
          223    -0.0270793
          224     -0.529656
          225     -0.256117
          226      0.505327
          227      0.748893
          234    -0.0410528
          235     0.0340326
          236      0.276425
          237     0.0576706
          238     -0.175164
          239     -0.149643
          240      0.145966
          241     -0.146166
          242     -0.178258
          243     -0.166885
          244    -0.0410932
          245      0.276536
          246     -0.717574
          247      0.640481
          248      0.533469
          255   -0.00275374
          256     0.0832625
          257     0.0231127
          258    0.00316113
          259       0.15454
          260     0.0157192
          261     0.0756549
          262     0.0570321
          263      0.311957
          264     -0.059909
          265      -0.43598
          266      0.543331
          267     -0.190284
          268     0.0557869
          269      0.315286
          318     -0.054039
          319     -0.260268
          320     0.0352258
          321    -0.0487068
          322     -0.327768
          323      0.420406
          324    -0.0517339
          325    -0.0100204
          326      0.272259
          327     0.0713633
          328     0.0198355
          329      0.326774
          330     0.0310572
          331    -0.0104162
          332      0.852228
          339    -0.0755691
          340     -0.353405
          341      0.209822
          342    -0.0297363
          343     -0.665272
          344       1.32127
          345      0.239126
          346      -0.10031
          347      0.730069
          348      0.869339
          349      -0.32014
          350      0.204737
          351      0.832848
          352     -0.980994
          353       2.05798
          360    -0.0105833
          361    -0.0703159
          362      0.262118
          363      0.179516
          364     -0.893533
          365      0.965602
          366      0.402155
          367     -0.582741
          368      0.642739
          369      0.285619
          370     0.0597254
          371     0.0529321
          372     -0.766557
          373      0.594255
          374       1.26198
          381    0.00485166
          382    -0.0129578
          383     0.0584474
          384     0.0957701
          385     -0.244575
          386     0.0715167
          387     0.0863254
          388     -0.185638
          389     0.0887111
          390     -0.253996
          391     0.0734872
          392      0.219182
          393       -1.2008
          394      0.926483
          395      0.510552
          402   0.000177283
          403     0.0514897
          404   -0.00662216
          405   0.000754112
          406     0.0907403
          407     0.0103611
          408     0.0197966
          409     0.0222628
          410      0.133281
          411    -0.0709728
          412     -0.236314
          413      0.124551
          414      -0.14894
          415     0.0235007
          416     0.0507082
