       #varID adjointSensitivity
          171     0.0487813
          172    -0.0757374
          173     -0.241191
          174     0.0854246
          175     -0.132625
          176      0.328944
          177    -0.0802428
          178     -0.105921
          179      0.683239
          180     -0.188912
          181      0.334161
          182     -0.475496
          183    -0.0245408
          184       0.39893
          185     -0.580184
          192     0.0521694
          193     -0.194763
          194     -0.174458
          195      0.149869
          196     -0.302044
          197      0.352554
          198    -0.0181252
          199     0.0968394
          200       0.45955
          201     0.0208917
          202      0.316754
          203     -0.342009
          204      0.135793
          205      0.237455
          206     -0.398418
          213     0.0607766
          214     -0.175765
          215     -0.174341
          216     0.0262774
          217    0.00345241
          218      0.271474
          219     -0.158368
          220       0.39167
          221      0.313158
          222     0.0825442
          223      0.108906
          224     -0.199219
          225      0.160886
          226    -0.0250106
          227     -0.182469
          234     0.0281702
          235    -0.0272861
          236     -0.151539
          237     0.0201318
          238    -0.0308397
          239   -0.00242906
          240    -0.0104309
          241   -0.00336305
          242      0.025008
          243     0.0219898
          244     0.0248351
          245     -0.105287
          246    -0.0264078
          247    -0.0093476
          248     0.0420725
          255     0.0188346
          256    -0.0724156
          257    -0.0750316
          258     0.0579708
          259     -0.324108
          260     -0.113377
          261      0.102588
          262     -0.396303
          263    -0.0821315
          264     0.0367071
          265     -0.040107
          266    -0.0191695
          267     -0.178575
          268      0.219481
          269     0.0825378
          318   0.000238076
          319    -0.0594324
          320    -0.0295287
          321     0.0312373
          322     -0.110079
          323     0.0309827
          324   -0.00831811
          325    -0.0399534
          326     0.0994516
          327    -0.0709309
          328      0.209968
          329      -0.19943
          330   -0.00213828
          331      0.217991
          332     -0.255376
          339     0.0144748
          340     -0.193479
          341    -0.0192746
          342     0.0955039
          343     -0.269155
          344      0.091772
          345     -0.025873
          346      0.129026
          347      0.102113
          348     0.0360291
          349      0.203604
          350     -0.178411
          351      0.139154
          352      0.133997
          353     -0.257129
          360     0.0302111
          361     -0.199896
          362    -0.0101632
          363    -0.0290803
          364     0.0131457
          365      0.113779
          366     -0.206954
          367       0.45077
          368     0.0626017
          369     0.0453774
          370     0.0983912
          371    -0.0985833
          372      0.113218
          373   -0.00627673
          374    -0.0894929
          381    0.00709389
          382    -0.0254114
          383    -0.0362902
          384    -0.0209456
          385     0.0311792
          386    -0.0274683
          387    -0.0343799
          388     0.0536018
          389    -0.0419881
          390     0.0104321
          391    0.00201643
          392    -0.0245792
          393    -0.0195684
          394     0.0014232
          395     0.0875104
          402     0.0020653
          403    -0.0252692
          404     -0.034613
          405    0.00746595
          406    -0.0693988
          407    -0.0938725
          408      0.017073
          409    -0.0772268
          410     -0.101968
          411    0.00613891
          412    0.00737227
          413     0.0308794
          414    -0.0527753
          415     0.0787253
          416      0.177238
