       #varID adjointSensitivity
          171      -0.10371
          172     -0.144637
          173     -0.228481
          174     -0.191876
          175    -0.0685904
          176      0.400968
          177      -0.21124
          178     -0.158873
          179      0.760429
          180     0.0161692
          181      0.418155
          182      -0.46915
          183    -0.0849763
          184       1.07915
          185     -0.183956
          192     -0.248426
          193     0.0190875
          194      0.206814
          195     -0.557942
          196      0.189039
          197      0.390134
          198     0.0122085
          199      0.199266
          200      -0.21437
          201        1.2482
          202      0.245397
          203      -1.27838
          204      0.936123
          205       0.20637
          206      0.609246
          213     -0.171864
          214      0.340983
          215      0.560101
          216     -0.169045
          217     -0.440231
          218     0.0348549
          219       0.45869
          220     -0.554247
          221     -0.736878
          222      0.690809
          223     0.0899243
          224     -0.784273
          225     -0.152301
          226      0.663425
          227      0.930989
          234    -0.0500622
          235     0.0506319
          236       0.20622
          237     0.0667751
          238     -0.177691
          239     -0.236511
          240      0.175072
          241     -0.144271
          242     -0.269863
          243     -0.136589
          244    -0.0559274
          245      0.175646
          246     -0.839751
          247      0.788703
          248       1.01615
          255   -0.00995117
          256      0.136975
          257    -0.0232023
          258   -0.00256806
          259      0.222331
          260   0.000746628
          261     0.0841665
          262     0.0743217
          263      0.355903
          264    -0.0493439
          265     -0.503587
          266      0.533881
          267     -0.203086
          268     0.0918821
          269      0.639179
          318    -0.0921245
          319     -0.339594
          320     0.0555075
          321    -0.0335068
          322     -0.503911
          323      0.553352
          324    -0.0510397
          325    -0.0825439
          326      0.401623
          327    0.00145818
          328      0.180196
          329      0.257958
          330     0.0135851
          331       0.21577
          332      0.722763
          339     -0.121333
          340     -0.588358
          341      0.272103
          342     0.0799813
          343      -1.09177
          344       1.69807
          345      0.290992
          346    -0.0762876
          347       1.00803
          348      0.966027
          349     -0.154874
          350     0.0368341
          351       1.11778
          352     -0.899851
          353       1.96365
          360    0.00196667
          361     -0.311958
          362      0.352041
          363      0.218652
          364      -1.18463
          365       1.30523
          366      0.293801
          367     -0.353088
          368      0.813851
          369      0.373028
          370      0.211904
          371    -0.0423138
          372     -0.578016
          373      0.675696
          374       1.52385
          381    0.00937093
          382    -0.0307213
          383     0.0566855
          384     0.0994552
          385     -0.264994
          386      0.109281
          387     0.0759267
          388     -0.163941
          389      0.111815
          390     -0.274537
          391      0.100798
          392      0.248973
          393      -1.39491
          394       1.12148
          395      0.977583
          402  -0.000735653
          403     0.0829321
          404    -0.0143508
          405  -0.000848024
          406      0.133575
          407     0.0320033
          408     0.0239241
          409     0.0257821
          410      0.199725
          411    -0.0697425
          412     -0.305047
          413      0.158186
          414     -0.174159
          415     0.0350876
          416      0.284673
