       #varID adjointSensitivity
          171     0.0532646
          172    -0.0827031
          173     -0.161155
          174     0.0690149
          175     -0.144206
          176      0.379674
          177    -0.0809573
          178     -0.118923
          179      0.677137
          180     -0.192088
          181      0.328663
          182     -0.540205
          183    -0.0460321
          184      0.408091
          185     -0.628028
          192     0.0593992
          193     -0.209181
          194     -0.101288
          195      0.139486
          196      -0.31446
          197      0.395924
          198    -0.0231348
          199      0.106306
          200      0.432774
          201     0.0269585
          202      0.329002
          203     -0.393901
          204      0.137391
          205      0.243842
          206     -0.424015
          213     0.0721101
          214     -0.176474
          215     -0.114035
          216     0.0173013
          217     0.0134003
          218      0.299504
          219     -0.168215
          220      0.402015
          221       0.28004
          222     0.0925423
          223       0.10822
          224     -0.237963
          225       0.18779
          226    -0.0323675
          227     -0.229743
          234     0.0343782
          235    -0.0278086
          236     -0.109774
          237     0.0145224
          238    -0.0249425
          239     0.0292013
          240    -0.0116969
          241    0.00584221
          242     0.0248899
          243     0.0224738
          244     0.0318083
          245     -0.116905
          246    -0.0144458
          247     -0.020928
          248    -0.0342269
          255     0.0213721
          256    -0.0637572
          257    -0.0517205
          258     0.0548682
          259     -0.305151
          260    -0.0876399
          261      0.106027
          262      -0.36058
          263    -0.0659603
          264     0.0465505
          265    -0.0154037
          266    -0.0126908
          267     -0.179884
          268      0.190572
          269     0.0620954
          318    0.00033414
          319    -0.0700291
          320    -0.0185766
          321     0.0315035
          322     -0.124167
          323     0.0461367
          324   -0.00779653
          325    -0.0426389
          326      0.111899
          327    -0.0770895
          328       0.21295
          329     -0.213629
          330    -0.0141506
          331      0.223937
          332     -0.269538
          339     0.0164013
          340     -0.204815
          341    -0.0106547
          342      0.101003
          343     -0.283471
          344      0.112823
          345    -0.0250845
          346      0.128446
          347      0.122714
          348     0.0392434
          349      0.202426
          350     -0.184386
          351      0.142126
          352      0.126743
          353     -0.264154
          360     0.0334297
          361     -0.188416
          362   -0.00555449
          363    -0.0284121
          364     0.0277755
          365      0.117512
          366     -0.209308
          367      0.443425
          368     0.0706658
          369     0.0521279
          370     0.0904903
          371     -0.107062
          372       0.13436
          373    -0.0146489
          374     -0.131409
          381    0.00822314
          382     -0.023362
          383    -0.0288697
          384    -0.0226904
          385     0.0354074
          386    -0.0219619
          387    -0.0355705
          388     0.0551676
          389    -0.0409066
          390    0.00999434
          391    0.00415411
          392     -0.034396
          393   -0.00603155
          394   -0.00361928
          395     0.0143504
          402    0.00247016
          403    -0.0240822
          404    -0.0287797
          405    0.00733226
          406    -0.0665234
          407    -0.0862362
          408     0.0187603
          409    -0.0728062
          410       -0.1019
          411    0.00920438
          412     0.0120463
          413      0.018407
          414    -0.0461512
          415     0.0687954
          416      0.134711
