       #varID adjointSensitivity
          171    -0.0862008
          172     -0.121642
          173     -0.227717
          174     -0.182889
          175    -0.0145665
          176      0.313073
          177     -0.156897
          178      -0.12117
          179      0.588053
          180      0.112618
          181      0.280127
          182     -0.397417
          183    -0.0497638
          184      0.852914
          185    -0.0188607
          192      -0.20979
          193     0.0553046
          194      0.210893
          195     -0.541581
          196      0.268893
          197      0.309427
          198     0.0544012
          199      0.145276
          200     -0.287778
          201       1.23403
          202     0.0937602
          203      -1.11614
          204      0.832787
          205     0.0529504
          206      0.756216
          213     -0.155153
          214      0.349174
          215      0.574471
          216     -0.154808
          217     -0.385798
          218      0.035501
          219      0.475496
          220     -0.622565
          221     -0.666808
          222       0.62281
          223     0.0335778
          224     -0.643261
          225     -0.209385
          226      0.580449
          227      0.839199
          234    -0.0453233
          235     0.0417152
          236      0.252849
          237     0.0597699
          238     -0.171654
          239     -0.183185
          240      0.156637
          241     -0.138002
          242     -0.215474
          243     -0.152425
          244    -0.0432923
          245      0.229871
          246     -0.777653
          247      0.709003
          248      0.760027
          255   -0.00559371
          256      0.111276
          257    0.00694317
          258  -0.000679532
          259      0.192528
          260     0.0178226
          261      0.075702
          262     0.0798302
          263      0.346792
          264    -0.0587669
          265     -0.458702
          266      0.544735
          267     -0.195086
          268     0.0592301
          269      0.463851
          318    -0.0734034
          319      -0.29482
          320     0.0452229
          321    -0.0435893
          322     -0.407906
          323      0.486207
          324    -0.0478848
          325    -0.0479725
          326      0.332107
          327     0.0438212
          328     0.0849841
          329      0.301017
          330     0.0208316
          331     0.0896845
          332      0.806893
          339    -0.0992174
          340     -0.463312
          341      0.241384
          342     0.0204941
          343     -0.862378
          344       1.50622
          345      0.270757
          346    -0.0911724
          347      0.860832
          348      0.916188
          349     -0.246717
          350      0.131023
          351      0.962376
          352      -0.94047
          353       2.02296
          360   -0.00501202
          361     -0.189246
          362      0.308852
          363      0.195878
          364      -1.02102
          365       1.13364
          366      0.352518
          367     -0.458685
          368      0.721592
          369      0.328765
          370      0.137219
          371    0.00916768
          372     -0.677012
          373      0.631854
          374       1.38305
          381    0.00697473
          382      -0.02159
          383     0.0596492
          384     0.0955968
          385     -0.249078
          386     0.0920532
          387     0.0794844
          388     -0.168972
          389      0.101656
          390     -0.264405
          391     0.0893175
          392       0.23402
          393      -1.29932
          394       1.01891
          395      0.730373
          402  -0.000124139
          403     0.0666325
          404   -0.00904141
          405  -0.000210746
          406         0.112
          407     0.0227688
          408     0.0209195
          409     0.0270999
          410       0.16779
          411    -0.0712618
          412      -0.26712
          413      0.138171
          414     -0.160927
          415     0.0257876
          416      0.153786
