       #varID adjointSensitivity
          171    -0.0705484
          172     -0.107354
          173     -0.227598
          174     -0.173612
          175     0.0237727
          176      0.249391
          177     -0.124658
          178    -0.0887766
          179      0.471684
          180      0.173741
          181      0.189781
          182     -0.349098
          183    -0.0203141
          184      0.691156
          185     0.0784451
          192      -0.17708
          193     0.0821336
          194      0.210918
          195     -0.528947
          196      0.327097
          197      0.251425
          198     0.0754945
          199      0.100797
          200     -0.329394
          201       1.22114
          202    -0.0195742
          203      -1.00059
          204      0.761803
          205    -0.0666184
          206      0.847274
          213       -0.1411
          214      0.361752
          215      0.569447
          216     -0.141914
          217     -0.354556
          218     0.0350332
          219      0.487899
          220     -0.697352
          221     -0.602937
          222      0.570451
          223    -0.0212895
          224     -0.543302
          225     -0.252337
          226      0.514928
          227       0.76125
          234    -0.0417931
          235     0.0351699
          236      0.274352
          237     0.0575322
          238     -0.173406
          239      -0.15317
          240      0.146803
          241     -0.142141
          242     -0.180792
          243     -0.165812
          244    -0.0404508
          245      0.269242
          246     -0.726405
          247       0.64919
          248      0.558308
          255   -0.00311157
          256     0.0878081
          257     0.0214385
          258    0.00242106
          259      0.161808
          260     0.0169597
          261     0.0749618
          262     0.0672643
          263      0.321918
          264    -0.0643294
          265     -0.439297
          266       0.54744
          267     -0.195357
          268      0.041745
          269      0.326068
          318    -0.0566138
          319     -0.262728
          320     0.0361552
          321    -0.0486484
          322     -0.335009
          323       0.42776
          324    -0.0501773
          325    -0.0148017
          326      0.277465
          327     0.0707857
          328     0.0225177
          329      0.326394
          330     0.0306463
          331   -0.00358306
          332      0.852366
          339    -0.0787104
          340     -0.365541
          341      0.214156
          342    -0.0243537
          343     -0.685747
          344       1.34414
          345       0.24448
          346    -0.0985431
          347      0.744949
          348      0.875697
          349     -0.314879
          350      0.198779
          351       0.84781
          352     -0.979784
          353       2.05964
          360   -0.00987824
          361    -0.0869529
          362       0.26926
          363      0.180843
          364     -0.907901
          365      0.988817
          366      0.396045
          367     -0.564339
          368      0.652914
          369      0.291418
          370     0.0691679
          371     0.0471415
          372     -0.755613
          373      0.599781
          374       1.27729
          381    0.00508488
          382    -0.0141872
          383     0.0589548
          384     0.0953767
          385     -0.244136
          386     0.0746589
          387     0.0851348
          388     -0.181999
          389     0.0909464
          390     -0.255518
          391     0.0751368
          392      0.219741
          393      -1.21453
          394      0.939135
          395       0.53704
          402   0.000126341
          403     0.0536258
          404   -0.00677006
          405   0.000573637
          406      0.094178
          407      0.012155
          408     0.0197994
          409     0.0248634
          410      0.139136
          411    -0.0726692
          412     -0.242371
          413      0.126383
          414     -0.152542
          415     0.0175753
          416     0.0592085
