       #varID adjointSensitivity
          171    -0.0892353
          172     -0.124769
          173     -0.228288
          174     -0.184788
          175    -0.0219281
          176      0.325692
          177     -0.164629
          178      -0.12668
          179      0.612309
          180      0.099816
          181      0.299107
          182     -0.408111
          183     -0.054627
          184      0.885429
          185    -0.0406092
          192     -0.216311
          193     0.0508814
          194      0.211158
          195     -0.545256
          196      0.258636
          197      0.320436
          198     0.0489688
          199      0.153134
          200     -0.279653
          201       1.23785
          202      0.115083
          203      -1.13984
          204      0.848406
          205     0.0752365
          206      0.739026
          213     -0.158207
          214      0.348995
          215      0.574305
          216     -0.157182
          217     -0.393617
          218     0.0340977
          219      0.474893
          220     -0.613664
          221     -0.680023
          222      0.634223
          223       0.04198
          224     -0.663614
          225     -0.202166
          226      0.594125
          227      0.855313
          234    -0.0461972
          235     0.0431751
          236      0.247059
          237     0.0607967
          238     -0.172372
          239       -0.1915
          240      0.159715
          241     -0.138366
          242     -0.224065
          243     -0.150158
          244    -0.0443704
          245      0.221577
          246     -0.788757
          247      0.722303
          248      0.798601
          255   -0.00625817
          256      0.115448
          257    0.00270114
          258   -0.00102646
          259      0.197717
          260     0.0155689
          261     0.0768238
          262     0.0807202
          263      0.349425
          264    -0.0580814
          265     -0.465211
          266      0.544164
          267     -0.197067
          268     0.0616913
          269      0.489781
          318    -0.0764434
          319     -0.301508
          320     0.0468262
          321    -0.0425557
          322     -0.422083
          323      0.497101
          324    -0.0482103
          325    -0.0533993
          326       0.34248
          327       0.03843
          328     0.0978963
          329      0.295155
          330     0.0200166
          331      0.107564
          332      0.796864
          339     -0.102999
          340     -0.481311
          341      0.246303
          342     0.0285157
          343      -0.89595
          344       1.53674
          345      0.274723
          346    -0.0902863
          347      0.883096
          348      0.925024
          349     -0.234329
          350      0.117793
          351      0.986367
          352      -0.93542
          353       2.01863
          360    -0.0042937
          361     -0.206303
          362      0.315629
          363      0.199395
          364       -1.0452
          365       1.15989
          366      0.345937
          367     -0.444899
          368      0.735007
          369      0.336522
          370        0.1482
          371    0.00180414
          372     -0.663525
          373      0.639507
          374       1.40664
          381    0.00728175
          382    -0.0227795
          383     0.0593878
          384     0.0962648
          385     -0.251407
          386     0.0945894
          387     0.0792583
          388     -0.168116
          389      0.103066
          390     -0.266225
          391     0.0915786
          392      0.236101
          393      -1.31614
          394       1.03603
          395       0.76811
          402   -0.00021649
          403     0.0691905
          404   -0.00977713
          405  -0.000317751
          406      0.115496
          407     0.0242453
          408     0.0213513
          409     0.0273622
          410      0.172967
          411    -0.0712918
          412     -0.273203
          413      0.141165
          414     -0.163373
          415     0.0261699
          416      0.172985
