       #varID adjointSensitivity
          171     -0.100539
          172     -0.141132
          173     -0.224645
          174        -0.192
          175    -0.0589573
          176      0.387455
          177     -0.203603
          178     -0.152069
          179      0.730658
          180     0.0317662
          181      0.396391
          182     -0.458715
          183    -0.0798994
          184       1.04398
          185     -0.155697
          192     -0.242042
          193     0.0265899
          194      0.210914
          195     -0.559263
          196        0.2053
          197      0.376533
          198     0.0184374
          199       0.18854
          200     -0.228464
          201       1.24904
          202      0.219677
          203      -1.25217
          204      0.920325
          205      0.182023
          206      0.637444
          213     -0.169381
          214       0.34555
          215      0.564766
          216     -0.167258
          217     -0.432165
          218     0.0335616
          219      0.466226
          220     -0.573277
          221     -0.727218
          222      0.682202
          223     0.0788824
          224     -0.758146
          225     -0.163468
          226      0.651831
          227      0.919008
          234    -0.0492323
          235     0.0491048
          236      0.215014
          237     0.0658645
          238     -0.178376
          239      -0.22765
          240      0.172284
          241      -0.14588
          242     -0.261298
          243     -0.139889
          244    -0.0529777
          245       0.18785
          246     -0.832056
          247      0.778554
          248      0.974976
          255   -0.00915683
          256      0.132249
          257    -0.0177354
          258   -0.00257423
          259      0.216557
          260    0.00443924
          261     0.0816761
          262     0.0730691
          263      0.354421
          264    -0.0491203
          265     -0.493023
          266      0.536131
          267      -0.19852
          268     0.0951348
          269      0.614224
          318    -0.0890315
          319     -0.332913
          320     0.0546391
          321    -0.0359959
          322     -0.488353
          323      0.544082
          324    -0.0512066
          325    -0.0766336
          326      0.390913
          327    0.00851635
          328      0.164795
          329       0.26591
          330     0.0147436
          331      0.195399
          332      0.739012
          339     -0.118071
          340     -0.566306
          341      0.267846
          342     0.0675408
          343      -1.05257
          344       1.66907
          345      0.288739
          346    -0.0830146
          347      0.984935
          348      0.960927
          349     -0.172603
          350      0.053561
          351       1.09411
          352     -0.908355
          353       1.97919
          360   0.000185825
          361     -0.287604
          362       0.34482
          363      0.215438
          364      -1.15865
          365       1.27663
          366      0.309919
          367     -0.380158
          368      0.798424
          369      0.367999
          370      0.197363
          371    -0.0329477
          372     -0.597833
          373      0.671308
          374       1.50256
          381    0.00894317
          382    -0.0289745
          383     0.0573179
          384     0.0994318
          385      -0.26374
          386      0.106403
          387     0.0773731
          388     -0.166529
          389      0.109949
          390     -0.273599
          391      0.100461
          392      0.247501
          393      -1.38275
          394       1.10843
          395      0.934709
          402  -0.000610872
          403     0.0799392
          404    -0.0133356
          405  -0.000798088
          406      0.129467
          407     0.0308698
          408     0.0230674
          409     0.0251416
          410      0.194269
          411    -0.0693784
          412     -0.296293
          413      0.154768
          414     -0.170716
          415     0.0381028
          416      0.263127
