       #varID adjointSensitivity
          171     0.0454045
          172    -0.0765736
          173     -0.317918
          174      0.102654
          175     -0.126569
          176      0.271087
          177     -0.084508
          178    -0.0883333
          179      0.704374
          180     -0.201937
          181      0.352459
          182     -0.420051
          183   -0.00930354
          184        0.3997
          185     -0.546417
          192      0.046133
          193     -0.178392
          194     -0.232793
          195      0.153165
          196     -0.279632
          197      0.303513
          198     -0.016948
          199       0.08848
          200      0.489708
          201     0.0145965
          202      0.309063
          203     -0.295798
          204      0.135413
          205      0.234574
          206       -0.3759
          213     0.0527522
          214     -0.152613
          215      -0.20763
          216      0.039079
          217   -0.00569493
          218      0.243594
          219     -0.130789
          220      0.345008
          221      0.342128
          222     0.0766593
          223      0.101666
          224     -0.163226
          225      0.134985
          226    -0.0175862
          227     -0.145509
          234     0.0255568
          235    -0.0235877
          236     -0.164653
          237     0.0258912
          238    -0.0347719
          239   -0.00736212
          240   -0.00554535
          241    -0.0121301
          242     0.0383932
          243     0.0223313
          244     0.0080073
          245    -0.0923173
          246     -0.031854
          247   -0.00839883
          248     0.0824158
          255     0.0173234
          256    -0.0732334
          257    -0.0819096
          258     0.0555636
          259     -0.312398
          260     -0.110934
          261     0.0957637
          262     -0.386252
          263    -0.0737352
          264     0.0344506
          265    -0.0877602
          266   -0.00843783
          267     -0.168871
          268       0.19575
          269     0.0960257
          318    0.00121842
          319     -0.059019
          320    -0.0400947
          321     0.0307586
          322     -0.106955
          323     0.0175699
          324    -0.0126063
          325     -0.033834
          326      0.094172
          327    -0.0705133
          328      0.216215
          329     -0.187031
          330    0.00677551
          331      0.217565
          332     -0.243663
          339     0.0131825
          340     -0.179769
          341    -0.0295818
          342     0.0850078
          343     -0.255663
          344     0.0717334
          345    -0.0260587
          346      0.119443
          347     0.0967927
          348     0.0369297
          349      0.200868
          350     -0.168388
          351      0.136907
          352      0.135587
          353     -0.244699
          360     0.0258295
          361     -0.178943
          362    -0.0179917
          363    -0.0239527
          364    0.00214854
          365     0.0961787
          366     -0.181306
          367      0.410942
          368     0.0578544
          369     0.0435376
          370     0.0955033
          371    -0.0885758
          372     0.0925178
          373   -0.00157634
          374    -0.0591482
          381    0.00649101
          382    -0.0232222
          383    -0.0388486
          384     -0.015989
          385     0.0234943
          386    -0.0292763
          387    -0.0278451
          388     0.0450702
          389    -0.0403921
          390     0.0107968
          391   -0.00166709
          392    -0.0206589
          393     -0.026192
          394    0.00375605
          395      0.119871
          402    0.00203013
          403    -0.0247021
          404    -0.0358195
          405    0.00702818
          406    -0.0666416
          407    -0.0915685
          408     0.0158844
          409    -0.0745634
          410    -0.0955322
          411    0.00589324
          412   -0.00380596
          413     0.0328705
          414    -0.0517151
          415      0.073335
          416      0.183556
