       #varID adjointSensitivity
          171     -0.106245
          172     -0.150328
          173     -0.227016
          174     -0.192272
          175    -0.0816189
          176      0.418254
          177     -0.221682
          178     -0.166434
          179      0.793778
          180   -0.00372419
          181      0.446693
          182     -0.484109
          183    -0.0915513
          184       1.12327
          185     -0.219472
          192      -0.25441
          193     0.0100552
          194      0.202557
          195     -0.557705
          196      0.168011
          197      0.406342
          198    0.00262909
          199      0.211345
          200     -0.197228
          201        1.2491
          202      0.276975
          203      -1.31123
          204      0.956659
          205      0.235145
          206      0.575574
          213     -0.174455
          214      0.338665
          215      0.551863
          216     -0.170462
          217     -0.451954
          218     0.0364818
          219      0.452494
          220     -0.538052
          221     -0.744638
          222      0.703697
          223      0.101444
          224     -0.810755
          225     -0.137371
          226      0.676509
          227      0.942079
          234    -0.0507245
          235     0.0522949
          236      0.195889
          237      0.068011
          238     -0.179371
          239     -0.243996
          240      0.177444
          241     -0.146218
          242     -0.275685
          243     -0.134033
          244    -0.0578593
          245      0.167433
          246     -0.848992
          247       0.80125
          248       1.05689
          255    -0.0107533
          256      0.141658
          257    -0.0287686
          258   -0.00326947
          259      0.227174
          260   -0.00142153
          261     0.0847479
          262     0.0725899
          263      0.359325
          264    -0.0482634
          265     -0.510758
          266      0.532872
          267     -0.203976
          268     0.0972418
          269      0.666649
          318    -0.0950404
          319     -0.348738
          320      0.057203
          321    -0.0305529
          322     -0.523346
          323      0.564121
          324    -0.0518288
          325    -0.0885257
          326      0.414278
          327   -0.00741536
          328      0.200106
          329      0.248441
          330     0.0125078
          331      0.240573
          332       0.70318
          339     -0.124405
          340     -0.612985
          341      0.275982
          342     0.0930912
          343      -1.13814
          344       1.73002
          345      0.292623
          346    -0.0708598
          347       1.03508
          348      0.973827
          349     -0.135344
          350     0.0176477
          351        1.1467
          352     -0.891863
          353       1.94783
          360    0.00380931
          361     -0.335284
          362      0.357793
          363      0.223491
          364      -1.21706
          365       1.33467
          366      0.279671
          367     -0.331864
          368      0.832887
          369      0.380089
          370       0.22559
          371    -0.0503413
          372     -0.558477
          373      0.682251
          374       1.54717
          381    0.00994548
          382    -0.0325296
          383      0.055739
          384      0.100278
          385     -0.268719
          386      0.112656
          387     0.0748151
          388     -0.163935
          389      0.114518
          390     -0.276452
          391      0.103114
          392      0.252089
          393      -1.41017
          394       1.13893
          395       1.01746
          402  -0.000796975
          403       0.08586
          404    -0.0152542
          405   -0.00101989
          406      0.136959
          407     0.0340203
          408     0.0240335
          409     0.0249008
          410      0.205023
          411    -0.0700187
          412     -0.310391
          413       0.16137
          414     -0.176363
          415     0.0369863
          416      0.305343
