       #varID adjointSensitivity
          171    -0.0926064
          172     -0.127314
          173     -0.229272
          174     -0.186788
          175    -0.0287527
          176      0.337243
          177     -0.172107
          178     -0.132192
          179        0.6358
          180      0.087076
          181      0.317709
          182     -0.416768
          183    -0.0594272
          184      0.917428
          185    -0.0616667
          192     -0.223196
          193     0.0471853
          194      0.210943
          195     -0.549239
          196       0.24927
          197      0.330721
          198     0.0441903
          199      0.160064
          200     -0.270953
          201       1.24175
          202      0.135579
          203      -1.16237
          204      0.863935
          205     0.0971981
          206      0.720825
          213     -0.161436
          214      0.348749
          215       0.57314
          216      -0.15988
          217     -0.401821
          218     0.0329648
          219      0.474069
          220     -0.605591
          221     -0.692961
          222       0.64504
          223     0.0491752
          224     -0.686517
          225     -0.194546
          226      0.608145
          227       0.87043
          234    -0.0470428
          235     0.0447556
          236      0.240275
          237     0.0618649
          238      -0.17315
          239     -0.199916
          240      0.162593
          241     -0.138702
          242       -0.2328
          243     -0.147826
          244    -0.0460408
          245      0.211098
          246      -0.79916
          247      0.736116
          248      0.838958
          255   -0.00693763
          256       0.11987
          257   -0.00201904
          258   -0.00140854
          259      0.203269
          260     0.0129007
          261     0.0780444
          262     0.0820118
          263      0.352198
          264    -0.0579114
          265     -0.472753
          266      0.543682
          267     -0.199994
          268     0.0628654
          269      0.516129
          318    -0.0796172
          319     -0.307808
          320     0.0483476
          321    -0.0413583
          322     -0.436259
          323      0.507733
          324    -0.0482392
          325    -0.0591627
          326      0.352898
          327     0.0329088
          328      0.110728
          329      0.290001
          330     0.0190181
          331      0.125273
          332      0.786769
          339     -0.106894
          340     -0.499541
          341      0.251421
          342     0.0370945
          343     -0.930275
          344       1.56777
          345      0.279211
          346    -0.0894593
          347      0.906636
          348      0.933742
          349     -0.221665
          350      0.104517
          351       1.01061
          352     -0.930562
          353       2.01272
          360   -0.00348419
          361     -0.224879
          362      0.322816
          363      0.202853
          364      -1.07075
          365       1.18791
          366      0.338172
          367     -0.429809
          368      0.749623
          369      0.344145
          370      0.159536
          371   -0.00784312
          372     -0.648436
          373      0.648024
          374       1.42869
          381    0.00762679
          382    -0.0241228
          383     0.0590466
          384     0.0968915
          385     -0.253863
          386     0.0974128
          387     0.0787842
          388     -0.167137
          389      0.104406
          390     -0.267876
          391      0.093542
          392       0.23718
          393      -1.33262
          394       1.05401
          395      0.808337
          402  -0.000304257
          403     0.0718852
          404    -0.0105903
          405  -0.000433599
          406      0.119179
          407     0.0257086
          408     0.0217912
          409     0.0277261
          410      0.178206
          411    -0.0716032
          412     -0.279887
          413      0.144264
          414     -0.166358
          415     0.0259155
          416      0.193179
