       #varID adjointSensitivity
          171    -0.0984983
          172     -0.134855
          173     -0.227508
          174     -0.190612
          175    -0.0463152
          176       0.36623
          177     -0.190614
          178     -0.144596
          179      0.691412
          180     0.0546502
          181      0.364188
          182     -0.439404
          183    -0.0715202
          184      0.994244
          185     -0.115262
          192     -0.236243
          193      0.035965
          194      0.210307
          195     -0.556321
          196      0.223974
          197      0.357005
          198     0.0298212
          199      0.177536
          200     -0.247791
          201        1.2482
          202      0.186091
          203      -1.21769
          204        0.8999
          205      0.148972
          206       0.67252
          213     -0.167204
          214      0.347264
          215      0.567668
          216      -0.16469
          217     -0.420662
          218     0.0324184
          219      0.470259
          220     -0.585413
          221      -0.71702
          222      0.668956
          223     0.0683444
          224     -0.734221
          225     -0.176055
          226      0.636852
          227       0.90366
          234    -0.0485658
          235     0.0479585
          236      0.223786
          237     0.0642591
          238     -0.175927
          239     -0.217011
          240      0.168402
          241     -0.141844
          242     -0.249188
          243     -0.143118
          244    -0.0496392
          245      0.194106
          246     -0.820518
          247      0.762331
          248      0.926041
          255   -0.00846932
          256      0.128818
          257    -0.0123462
          258   -0.00245131
          259      0.213327
          260    0.00782985
          261      0.080075
          262     0.0798038
          263      0.357326
          264    -0.0552195
          265     -0.487142
          266      0.541826
          267      -0.20243
          268     0.0737759
          269      0.574708
          318    -0.0859681
          319     -0.322831
          320     0.0521789
          321    -0.0383564
          322     -0.468215
          323      0.530882
          324    -0.0495023
          325    -0.0706285
          326      0.376373
          327     0.0186985
          328      0.142628
          329      0.276752
          330     0.0166281
          331      0.167723
          332       0.76005
          339     -0.114566
          340     -0.541073
          341      0.262182
          342     0.0560504
          343      -1.00641
          344       1.63324
          345      0.286507
          346    -0.0859347
          347      0.956331
          348      0.952036
          349     -0.192429
          350     0.0734342
          351       1.06388
          352      -0.91804
          353       1.99555
          360   -0.00132912
          361     -0.265442
          362      0.337572
          363      0.210719
          364       -1.1262
          365       1.24629
          366      0.320507
          367     -0.397014
          368      0.780617
          369      0.359373
          370      0.184608
          371    -0.0246984
          372     -0.617293
          373      0.664033
          374       1.47871
          381    0.00846574
          382    -0.0271196
          383      0.058011
          384     0.0983607
          385     -0.259663
          386      0.103622
          387      0.077608
          388     -0.165935
          389      0.108037
          390     -0.271858
          391     0.0983811
          392      0.242666
          393      -1.36571
          394       1.08881
          395      0.891923
          402  -0.000486075
          403     0.0774594
          404     -0.012311
          405  -0.000722767
          406      0.126242
          407     0.0292888
          408     0.0224224
          409      0.026781
          410      0.189099
          411    -0.0715757
          412     -0.291707
          413      0.151117
          414     -0.170935
          415     0.0294451
          416      0.236562
