       #varID adjointSensitivity
          171    -0.0804043
          172     -0.115855
          173     -0.227625
          174     -0.179285
          175  -0.000336527
          176      0.289771
          177     -0.143498
          178     -0.110098
          179      0.544095
          180      0.136122
          181      0.245313
          182     -0.378947
          183    -0.0396991
          184      0.792437
          185      0.019604
          192     -0.197524
          193     0.0639323
          194      0.210822
          195     -0.535598
          196      0.289093
          197      0.289104
          198     0.0634057
          199      0.130609
          200     -0.303033
          201       1.22727
          202     0.0535011
          203      -1.07325
          204      0.805045
          205     0.0100349
          206      0.789283
          213     -0.149634
          214      0.350176
          215      0.574801
          216     -0.150598
          217     -0.373225
          218     0.0379735
          219      0.477724
          220      -0.64297
          221      -0.64151
          222      0.602254
          223     0.0167153
          224     -0.604009
          225     -0.222507
          226      0.554496
          227       0.80915
          234    -0.0438241
          235     0.0390638
          236      0.262882
          237     0.0582013
          238     -0.171018
          239     -0.169257
          240       0.15182
          241      -0.13758
          242     -0.199785
          243     -0.157198
          244    -0.0414584
          245       0.24654
          246     -0.757395
          247      0.684304
          248      0.684769
          255   -0.00451429
          256      0.103415
          257     0.0138681
          258   0.000138021
          259      0.182735
          260     0.0204838
          261     0.0742605
          262     0.0783384
          263      0.341346
          264    -0.0609673
          265     -0.448979
          266      0.546267
          267     -0.193403
          268     0.0510967
          269      0.412222
          318     -0.067575
          319     -0.282211
          320     0.0420507
          321    -0.0456009
          322     -0.380506
          323      0.465211
          324    -0.0478562
          325    -0.0366467
          326      0.312054
          327     0.0539471
          328     0.0612006
          329      0.310915
          330     0.0234114
          331     0.0558291
          332      0.824874
          339     -0.091983
          340     -0.429157
          341      0.232262
          342    0.00450273
          343     -0.797999
          344       1.44863
          345      0.261852
          346    -0.0915773
          347      0.818556
          348       0.89957
          349     -0.269707
          350      0.155576
          351      0.918814
          352     -0.951838
          353       2.03389
          360   -0.00643866
          361     -0.157139
          362      0.296311
          363      0.189257
          364     -0.978973
          365       1.08498
          366      0.365206
          367      -0.48853
          368       0.69793
          369      0.313921
          370      0.115962
          371     0.0243962
          372     -0.701569
          373      0.617943
          374       1.34005
          381    0.00637495
          382    -0.0194018
          383     0.0600103
          384     0.0947964
          385     -0.246041
          386     0.0870563
          387     0.0805348
          388     -0.171733
          389     0.0991317
          390     -0.261149
          391     0.0845207
          392      0.230178
          393      -1.26663
          394      0.986944
          395      0.656815
          402   9.44474e-06
          403     0.0619792
          404    -0.0078713
          405   1.99114e-05
          406      0.105709
          407     0.0196362
          408     0.0202777
          409     0.0269195
          410      0.158266
          411    -0.0716163
          412     -0.257259
          413      0.133102
          414     -0.157043
          415     0.0227032
          416      0.116981
